11 0 11 3 2 1 5 4 7 0 6
11 1 10 3 2 1 5 4 0 7 6
10 2 8 3 2 1 5 0 4 7 6
12 5 7 3 0 1 5 2 4 7 6
12 6 6 0 3 1 5 2 4 7 6
12 6 6 3 1 0 5 2 4 7 6
11 7 4 3 1 5 0 2 4 7 6
13 10 3 3 1 5 7 2 4 0 6
13 11 2 3 1 5 7 2 4 6 0
15 12 3 3 1 5 0 2 4 6 7
16 13 3 3 1 5 7 0 4 6 2
17 14 3 0 1 5 7 2 4 6 3
18 15 3 1 0 5 7 2 4 6 3
15 11 4 3 1 0 7 2 4 5 6
15 11 4 3 1 5 7 2 0 4 6
18 14 4 3 1 0 7 2 4 6 5
17 13 4 3 1 0 5 2 4 6 7
18 14 4 0 1 5 3 2 4 6 7
18 15 3 1 0 5 3 2 4 6 7
19 15 4 3 1 5 2 0 4 6 7
20 16 4 1 4 5 7 2 0 6 3
20 16 4 1 5 0 7 2 4 6 3
20 16 4 1 4 5 3 2 0 6 7
20 16 4 1 5 0 3 2 4 6 7
20 17 3 1 5 3 0 2 4 6 7
20 18 2 1 5 3 7 2 4 6 0
22 19 3 1 5 3 7 2 4 0 6
23 20 3 1 5 3 7 0 4 6 2
24 21 3 0 5 3 7 2 4 6 1
23 19 4 0 5 3 1 2 4 6 7
24 20 4 1 5 3 2 0 4 6 7
24 20 4 1 5 0 7 2 4 3 6
24 21 3 1 0 5 7 2 4 3 6
24 20 4 1 5 3 7 2 0 4 6
26 22 4 1 4 5 7 2 0 3 6
26 23 3 1 4 5 7 2 3 0 6
26 24 2 1 4 5 7 2 3 6 0
28 25 3 1 4 5 0 2 3 6 7
29 26 3 1 4 5 7 0 3 6 2
30 27 3 0 4 5 7 2 3 6 1
26 22 4 0 1 5 7 2 4 3 6
28 24 4 1 4 0 7 2 3 5 6
31 27 4 1 4 0 7 2 3 6 5
30 26 4 1 4 0 5 2 3 6 7
31 27 4 0 4 5 1 2 3 6 7
32 28 4 1 4 5 2 0 3 6 7
12 7 5 3 1 7 5 2 4 0 6
12 8 4 3 1 7 5 2 4 6 0
20 15 5 3 1 5 6 2 4 0 7
19 14 5 0 1 5 7 3 4 6 2
21 17 4 2 1 5 7 3 4 6 0
21 16 5 3 0 5 7 1 4 6 2
20 17 3 0 3 5 7 1 4 6 2
19 18 1 1 3 5 7 0 4 6 2
20 20 0 1 3 5 7 2 4 6 0
