8 0 8 3 2 1 5 4 7 0 6
8 1 7 3 2 1 5 4 0 7 6
9 2 7 3 2 1 5 0 4 7 6
10 5 5 3 2 1 0 5 4 7 6
11 6 5 3 2 0 1 5 4 7 6
12 7 5 0 2 1 3 5 4 7 6
14 10 4 4 2 1 3 5 0 7 6
16 11 5 4 0 1 3 5 2 7 6
16 11 5 4 2 1 3 0 5 7 6
16 11 5 4 2 1 3 5 7 0 6
17 12 5 0 4 1 3 5 2 7 6
17 12 5 4 1 0 3 5 2 7 6
17 13 4 4 1 3 0 5 2 7 6
18 15 3 0 1 3 4 5 2 7 6
18 16 2 1 0 3 4 5 2 7 6
18 17 1 1 2 3 4 5 0 7 6
20 18 2 1 2 3 4 0 5 7 6
20 18 2 1 2 3 4 5 7 0 6
22 20 2 1 2 3 4 6 5 7 0
21 19 2 1 2 3 4 5 7 6 0
21 18 3 2 1 3 4 5 0 7 6
20 17 3 1 3 0 4 5 2 7 6
22 19 3 0 2 3 4 1 5 7 6
22 19 3 1 2 0 4 5 7 3 6
24 21 3 1 2 3 0 6 5 7 4
24 21 3 1 2 3 4 6 5 0 7
23 20 3 1 2 3 0 5 7 6 4
24 21 3 1 2 3 4 0 7 6 5
25 22 3 5 2 3 4 1 0 7 6
25 22 3 1 2 3 4 6 0 5 7
25 23 2 1 2 3 4 0 6 5 7
27 25 2 1 2 3 4 7 6 5 0
28 26 2 1 2 3 4 7 6 0 5
25 22 3 1 2 3 4 7 0 6 5
27 24 3 0 2 3 4 1 6 5 7
29 26 3 1 2 3 0 7 6 5 4
30 27 3 1 2 0 4 7 6 3 5
20 16 4 5 1 3 4 0 2 7 6
22 18 4 6 1 3 4 5 2 7 0
25 21 4 1 2 3 0 4 5 7 6
25 21 4 1 0 3 4 2 5 7 6
27 23 4 0 2 3 4 6 5 7 1
27 23 4 1 2 0 4 6 5 7 3
26 22 4 0 2 3 4 5 7 6 1
26 22 4 1 2 0 4 5 7 6 3
23 19 4 2 0 3 4 5 1 7 6
23 20 3 0 2 3 4 5 1 7 6
23 19 4 2 1 3 4 0 5 7 6
23 19 4 2 1 3 4 5 7 0 6
22 18 4 1 3 7 4 5 2 0 6
22 18 4 1 3 4 0 5 2 7 6
24 20 4 2 0 3 4 1 5 7 6
25 21 4 4 2 3 0 1 5 7 6
26 22 4 6 2 3 4 1 5 7 0
24 20 4 1 0 2 4 5 7 3 6
24 20 4 1 2 4 0 5 7 3 6
26 22 4 1 2 0 3 6 5 7 4
27 23 4 0 2 3 1 6 5 7 4
28 24 4 1 2 3 6 0 5 7 4
28 25 3 1 2 3 6 5 0 7 4
26 22 4 1 2 0 4 6 5 3 7
25 21 4 1 2 0 3 5 7 6 4
26 22 4 0 2 3 1 5 7 6 4
27 23 4 1 2 3 6 5 7 0 4
26 22 4 0 2 3 4 1 7 6 5
27 23 4 5 0 3 4 1 2 7 6
27 23 4 5 2 3 4 0 1 7 6
27 23 4 5 2 3 4 1 7 0 6
27 23 4 1 0 3 4 6 2 5 7
30 26 4 1 2 3 0 4 6 5 7
30 26 4 1 0 3 4 2 6 5 7
32 28 4 0 2 3 4 7 6 5 1
32 28 4 1 2 0 4 7 6 5 3
27 23 4 1 0 3 4 7 2 6 5
29 25 4 2 0 3 4 1 6 5 7
30 26 4 4 2 3 0 1 6 5 7
31 27 4 7 2 3 4 1 6 5 0
31 27 4 1 2 0 3 7 6 5 4
32 28 4 0 2 3 1 7 6 5 4
33 29 4 1 2 3 7 0 6 5 4
33 29 4 1 2 3 5 7 6 0 4
32 28 4 1 0 2 4 7 6 3 5
32 28 4 1 2 4 0 7 6 3 5
22 18 4 5 1 3 4 6 2 7 0
30 26 4 5 2 3 4 6 0 7 1
30 27 3 5 2 3 4 0 6 7 1
30 28 2 0 2 3 4 5 6 7 1
31 31 0 1 2 3 4 5 6 7 0
