15 0 15 6 0 3 5 7 2 4 1
10 1 9 0 6 3 5 7 2 4 1
12 2 10 7 6 3 5 0 2 4 1
12 4 8 1 6 3 5 7 2 4 0
12 6 6 1 6 3 5 0 2 4 7
13 3 10 5 6 3 0 7 2 4 1
13 4 9 7 6 3 5 1 2 4 0
13 5 8 1 6 3 0 7 2 4 5
13 7 6 1 6 3 5 2 0 4 7
13 8 5 1 0 3 5 2 6 4 7
13 8 5 1 6 3 5 2 4 0 7
13 9 4 1 3 0 5 2 6 4 7
13 10 3 1 3 5 0 2 6 4 7
13 11 2 1 3 5 7 2 6 4 0
14 5 9 1 6 3 5 7 2 0 4
14 4 10 5 6 3 1 7 2 4 0
14 5 9 7 6 3 0 1 2 4 5
14 5 9 5 6 3 1 7 2 0 4
14 6 8 5 6 3 1 0 2 4 7
13 7 6 0 6 3 1 5 2 4 7
13 9 4 1 6 3 0 5 2 4 7
15 1 14 6 2 3 5 7 0 4 1
10 2 8 6 2 3 5 0 7 4 1
10 3 7 0 2 3 5 6 7 4 1
13 5 8 6 2 3 0 5 7 4 1
13 5 8 5 2 3 0 6 7 4 1
14 4 10 6 2 3 5 1 7 4 0
13 5 8 6 2 3 0 1 7 4 5
14 6 8 1 2 3 5 6 7 4 0
13 7 6 1 2 3 0 6 7 4 5
14 6 8 6 2 3 1 5 7 4 0
14 7 7 0 2 3 6 5 7 4 1
14 6 8 5 2 3 1 6 7 4 0
14 5 9 6 2 3 5 1 7 0 4
14 7 7 1 2 3 5 6 7 0 4
14 8 6 1 2 3 5 0 7 4 6
14 7 7 6 2 3 1 5 7 0 4
14 7 7 5 2 3 1 6 7 0 4
14 6 8 6 2 3 5 1 0 7 4
13 7 6 6 2 3 5 0 1 7 4
13 8 5 0 2 3 5 6 1 7 4
14 8 6 1 2 3 5 6 0 7 4
11 9 2 1 2 3 5 0 6 7 4
13 12 1 1 2 3 0 5 6 7 4
13 13 0 1 2 3 4 5 6 7 0
