15 0 15 6 0 3 5 7 2 4 1
10 1 9 0 6 3 5 7 2 4 1
12 4 8 1 6 3 5 7 2 4 0
12 6 6 1 6 3 5 0 2 4 7
13 9 4 1 6 3 0 5 2 4 7
15 12 3 1 6 3 4 5 2 0 7
15 13 2 1 6 3 4 5 2 7 0
17 14 3 1 6 3 0 5 2 7 4
18 15 3 1 6 3 4 0 2 7 5
19 16 3 0 6 3 4 5 2 7 1
17 13 4 1 6 0 4 5 2 3 7
17 13 4 1 6 3 4 5 0 2 7
17 14 3 1 0 3 4 5 6 2 7
20 16 4 1 6 0 4 5 2 7 3
19 15 4 1 6 0 3 5 2 7 4
20 16 4 0 6 3 1 5 2 7 4
21 17 4 1 6 3 5 0 2 7 4
19 15 4 0 1 3 4 5 6 2 7
19 15 4 1 3 0 4 5 6 2 7
19 16 3 1 3 2 4 5 6 0 7
19 17 2 1 3 2 4 5 6 7 0
21 18 3 1 3 2 0 5 6 7 4
22 19 3 1 3 2 4 0 6 7 5
23 20 3 0 3 2 4 5 6 7 1
21 17 4 1 3 2 4 5 0 6 7
24 20 4 1 3 0 4 5 6 7 2
24 21 3 1 0 3 4 5 6 7 2
25 22 3 0 1 3 4 5 6 7 2
27 25 2 2 1 3 4 5 6 7 0
29 26 3 2 1 3 0 5 6 7 4
29 26 3 2 1 3 4 5 6 0 7
30 27 3 2 1 3 4 0 6 7 5
23 19 4 1 3 0 2 5 6 7 4
23 20 3 1 0 3 2 5 6 7 4
24 20 4 0 3 2 1 5 6 7 4
25 21 4 1 3 2 5 0 6 7 4
26 22 4 1 6 3 4 5 0 7 2
32 28 4 2 1 0 4 5 6 7 3
31 27 4 2 1 0 3 5 6 7 4
32 28 4 0 1 3 2 5 6 7 4
33 29 4 2 1 3 5 0 6 7 4
31 27 4 2 1 0 4 5 6 3 7
31 27 4 2 1 3 4 5 0 6 7
25 21 4 1 6 3 2 5 0 7 4
22 17 5 1 6 3 7 5 2 0 4
21 16 5 0 6 3 4 1 2 7 5
23 19 4 5 6 3 4 1 2 7 0
23 18 5 1 0 3 4 6 2 7 5
23 19 4 1 2 3 4 6 0 7 5
21 20 1 1 2 3 4 0 6 7 5
22 22 0 1 2 3 4 5 6 7 0
