10 0 10 6 0 3 5 7 2 4 1
10 1 9 6 2 3 5 7 0 4 1
10 1 9 0 6 3 5 7 2 4 1
11 4 7 1 6 3 5 7 2 4 0
11 5 6 1 6 3 0 7 2 4 5
12 8 4 1 6 3 4 7 2 0 5
13 9 4 1 6 3 4 7 2 5 0
15 11 4 1 6 3 4 0 2 5 7
18 14 4 1 0 3 4 6 2 5 7
18 15 3 1 2 3 4 6 0 5 7
18 16 2 1 2 3 4 0 6 5 7
20 18 2 1 2 3 4 7 6 5 0
21 19 2 1 2 3 4 7 6 0 5
19 16 3 1 2 3 4 6 5 0 7
19 17 2 1 2 3 4 6 5 7 0
21 19 2 1 2 3 4 0 5 7 6
21 20 1 1 2 3 4 5 0 7 6
23 21 2 1 0 3 4 5 2 7 6
23 21 2 1 2 3 4 5 7 0 6
24 22 2 1 2 3 4 5 7 6 0
20 17 3 0 2 3 4 1 6 5 7
22 19 3 1 2 3 0 7 6 5 4
23 20 3 1 2 0 4 7 6 3 5
23 20 3 1 2 3 4 7 0 6 5
21 18 3 1 2 3 0 6 5 7 4
23 20 3 0 2 3 4 1 5 7 6
25 22 3 0 1 3 4 5 2 7 6
25 22 3 1 3 0 4 5 2 7 6
25 22 3 1 2 0 4 5 7 3 6
26 23 3 1 2 3 0 5 7 6 4
27 24 3 1 2 3 4 0 7 6 5
26 23 3 5 2 3 4 1 0 7 6
28 25 3 2 1 3 4 5 0 7 6
23 19 4 1 2 3 0 4 6 5 7
23 19 4 1 0 3 4 2 6 5 7
25 21 4 0 2 3 4 7 6 5 1
25 21 4 1 2 0 4 7 6 5 3
21 17 4 1 2 0 4 6 5 3 7
24 20 4 0 2 3 4 6 5 7 1
24 20 4 1 2 0 4 6 5 7 3
26 22 4 1 2 3 0 4 5 7 6
26 22 4 1 0 3 4 2 5 7 6
29 25 4 0 2 3 4 5 7 6 1
29 25 4 1 2 0 4 5 7 6 3
22 18 4 2 0 3 4 1 6 5 7
23 19 4 4 2 3 0 1 6 5 7
24 20 4 7 2 3 4 1 6 5 0
24 20 4 1 2 0 3 7 6 5 4
25 21 4 0 2 3 1 7 6 5 4
26 22 4 1 2 3 7 0 6 5 4
26 22 4 1 2 3 5 7 6 0 4
25 21 4 1 0 2 4 7 6 3 5
25 21 4 1 2 4 0 7 6 3 5
25 21 4 1 0 3 4 7 2 6 5
23 19 4 1 2 0 3 6 5 7 4
24 20 4 0 2 3 1 6 5 7 4
25 21 4 1 2 3 6 0 5 7 4
25 22 3 1 2 3 6 5 0 7 4
25 21 4 2 0 3 4 1 5 7 6
26 22 4 4 2 3 0 1 5 7 6
27 23 4 6 2 3 4 1 5 7 0
27 23 4 5 1 3 4 0 2 7 6
28 24 4 4 1 3 0 5 2 7 6
29 25 4 6 1 3 4 5 2 7 0
27 23 4 1 3 7 4 5 2 0 6
27 23 4 1 3 4 0 5 2 7 6
27 23 4 1 0 2 4 5 7 3 6
27 23 4 1 2 4 0 5 7 3 6
28 24 4 1 2 0 3 5 7 6 4
29 25 4 0 2 3 1 5 7 6 4
30 26 4 1 2 3 6 5 7 0 4
29 25 4 0 2 3 4 1 7 6 5
28 24 4 5 0 3 4 1 2 7 6
28 24 4 5 2 3 4 0 1 7 6
28 25 3 0 2 3 4 5 1 7 6
28 24 4 5 2 3 4 1 7 0 6
30 26 4 2 0 3 4 5 1 7 6
30 26 4 2 1 3 4 0 5 7 6
30 26 4 2 1 3 4 5 7 0 6
27 23 4 5 2 3 4 6 0 7 1
27 24 3 5 2 3 4 0 6 7 1
27 25 2 0 2 3 4 5 6 7 1
28 28 0 1 2 3 4 5 6 7 0
