10 0 10 3 7 6 4 5 2 1 0
12 1 11 3 7 6 0 5 2 1 4
12 1 11 3 7 6 4 5 2 0 1
12 2 10 3 7 0 4 5 2 6 1
12 3 9 3 0 7 4 5 2 6 1
9 4 5 0 3 7 4 5 2 6 1
11 7 4 1 3 7 4 5 2 6 0
12 4 8 3 2 7 4 5 0 6 1
12 5 7 5 3 7 4 0 2 6 1
12 5 7 3 2 7 4 0 5 6 1
12 5 7 3 2 7 4 5 6 0 1
12 6 6 3 2 0 4 5 6 7 1
12 6 6 3 2 7 4 5 6 1 0
13 2 11 3 7 6 4 0 2 1 5
13 3 10 0 7 6 4 5 2 1 3
13 3 10 3 7 0 4 5 2 1 6
13 3 10 0 7 6 3 5 2 1 4
13 8 5 1 3 7 0 5 2 6 4
13 8 5 1 3 7 4 5 2 0 6
13 7 6 5 3 7 4 1 2 6 0
13 6 7 0 2 7 4 3 5 6 1
13 7 6 3 2 7 4 1 5 6 0
13 4 9 3 7 1 4 5 2 0 6
13 4 9 3 0 7 4 5 2 1 6
13 9 4 1 3 0 4 5 2 7 6
13 5 8 3 7 1 4 5 2 6 0
13 5 8 3 2 7 4 5 0 1 6
13 5 8 0 3 7 4 5 2 1 6
13 10 3 1 0 3 4 5 2 7 6
13 6 7 3 2 7 4 5 1 0 6
13 11 2 1 2 3 4 5 0 7 6
13 7 6 3 2 0 4 5 1 7 6
13 7 6 3 2 7 4 5 1 6 0
14 2 12 3 7 0 6 5 2 1 4
14 2 12 3 7 6 4 5 0 2 1
14 3 11 3 7 4 0 5 2 6 1
12 5 7 0 7 4 3 5 2 6 1
14 9 5 1 3 7 4 0 2 6 5
14 10 4 1 3 0 4 5 2 6 7
11 8 3 0 3 2 4 5 6 7 1
13 11 2 1 3 2 4 5 6 7 0
14 7 7 3 2 4 0 5 6 7 1
12 9 3 0 2 4 3 5 6 7 1
14 7 7 3 2 7 0 5 6 1 4
14 3 11 3 7 1 6 5 2 0 4
14 3 11 3 0 7 6 5 2 1 4
14 3 11 3 0 6 4 5 7 2 1
11 4 7 0 3 6 4 5 7 2 1
13 7 6 1 3 6 4 5 7 2 0
14 3 11 3 7 6 4 0 5 2 1
14 4 10 3 7 4 1 5 2 6 0
14 8 6 1 7 4 3 5 2 6 0
14 11 3 1 0 3 4 5 2 6 7
14 9 5 5 3 2 4 0 6 7 1
14 8 6 3 2 4 1 5 6 7 0
14 12 2 1 2 4 3 5 6 7 0
14 4 10 3 2 7 6 5 0 1 4
14 4 10 0 3 7 6 5 2 1 4
14 4 10 3 6 0 4 5 7 2 1
14 5 9 5 3 6 4 0 7 2 1
14 12 2 1 2 3 4 5 0 6 7
14 5 9 3 2 7 6 5 1 0 4
14 5 9 3 6 2 4 5 7 0 1
14 13 1 1 2 3 4 5 6 0 7
14 6 8 3 2 0 6 5 1 7 4
14 6 8 3 6 2 4 5 0 7 1
14 6 8 3 6 2 4 5 7 1 0
14 14 0 1 2 3 4 5 6 7 0
