10 0 10 3 7 6 4 5 2 1 0
13 3 10 0 7 6 4 5 2 1 3
13 3 10 3 7 0 4 5 2 1 6
13 4 9 3 7 1 4 5 2 0 6
13 5 8 3 7 1 4 5 2 6 0
16 8 8 0 7 1 4 5 2 6 3
19 11 8 2 7 1 4 5 0 6 3
19 12 7 2 0 1 4 5 7 6 3
19 13 6 0 2 1 4 5 7 6 3
19 13 6 2 1 0 4 5 7 6 3
22 16 6 3 2 1 4 5 7 6 0
19 12 7 2 7 1 4 5 6 0 3
19 13 6 2 7 1 4 5 6 3 0
21 14 7 5 2 1 4 0 7 6 3
22 15 7 4 2 1 0 5 7 6 3
21 14 7 2 1 6 4 5 7 0 3
21 15 6 2 1 6 4 5 0 7 3
21 15 6 2 1 6 4 5 7 3 0
24 18 6 2 1 0 4 5 7 3 6
24 19 5 2 1 3 4 5 7 0 6
24 20 4 2 1 3 4 5 0 7 6
24 20 4 2 1 3 4 5 7 6 0
26 21 5 2 0 3 4 5 1 7 6
25 22 3 0 2 3 4 5 1 7 6
27 25 2 1 2 3 4 5 0 7 6
29 26 3 1 0 3 4 5 2 7 6
29 26 3 1 2 3 4 0 5 7 6
30 28 2 1 2 3 4 6 5 7 0
29 26 3 1 2 3 4 5 7 0 6
29 27 2 1 2 3 4 5 7 6 0
32 29 3 1 2 3 0 6 5 7 4
32 29 3 1 2 3 4 6 5 0 7
34 31 3 0 2 3 4 6 5 7 1
31 28 3 1 2 3 0 5 7 6 4
32 29 3 1 2 3 4 0 7 6 5
33 30 3 0 2 3 4 5 7 6 1
29 25 4 6 2 3 4 5 1 7 0
31 27 4 0 1 3 4 5 2 7 6
31 27 4 1 3 0 4 5 2 7 6
31 27 4 0 2 3 4 1 5 7 6
33 29 4 1 2 3 0 4 5 7 6
35 31 4 1 2 0 4 6 5 7 3
31 27 4 1 2 0 4 5 7 3 6
34 30 4 1 2 0 4 5 7 6 3
34 30 4 1 2 0 3 6 5 7 4
35 31 4 0 2 3 1 6 5 7 4
36 32 4 1 2 3 6 0 5 7 4
34 30 4 1 2 0 4 6 5 3 7
34 30 4 1 2 3 4 6 0 5 7
34 31 3 1 2 3 4 0 6 5 7
33 29 4 1 2 0 3 5 7 6 4
34 30 4 0 2 3 1 5 7 6 4
35 31 4 1 2 3 5 0 7 6 4
34 30 4 6 1 3 4 5 2 7 0
34 30 4 6 2 3 4 1 5 7 0
34 30 4 5 2 3 4 1 0 7 6
37 33 4 1 2 3 6 5 0 7 4
36 32 4 0 2 3 4 1 6 5 7
37 33 4 1 2 3 4 7 6 5 0
38 34 4 1 2 3 0 4 6 5 7
26 21 5 2 1 3 4 0 5 7 6
27 23 4 2 1 3 4 6 5 7 0
26 21 5 2 1 3 0 5 7 6 4
27 22 5 2 1 3 4 0 7 6 5
28 23 5 0 1 3 4 5 7 6 2
28 23 5 5 2 3 4 0 1 7 6
29 25 4 5 2 3 4 6 1 7 0
32 28 4 0 2 3 4 6 1 7 5
35 31 4 1 2 3 4 6 0 7 5
33 32 1 1 2 3 4 0 6 7 5
34 34 0 1 2 3 4 5 6 7 0
