8 0 8 3 7 6 4 5 2 1 0
10 3 7 3 7 0 4 5 2 1 6
10 4 6 3 7 1 4 5 2 0 6
10 4 6 3 0 7 4 5 2 1 6
10 5 5 3 2 7 4 5 0 1 6
11 6 5 3 2 7 4 5 1 0 6
11 7 4 3 2 0 4 5 1 7 6
12 7 5 3 2 7 4 5 1 6 0
13 8 5 3 0 2 4 5 1 7 6
13 9 4 3 1 2 4 5 0 7 6
13 8 5 3 2 4 0 5 1 7 6
15 10 5 3 2 0 4 5 1 6 7
14 9 5 0 3 2 4 5 1 7 6
15 12 3 1 3 2 4 5 0 7 6
17 13 4 1 0 2 4 5 3 7 6
17 14 3 1 2 0 4 5 3 7 6
17 13 4 1 3 2 4 0 5 7 6
17 13 4 1 3 2 4 5 7 0 6
19 15 4 1 2 7 4 5 3 0 6
19 16 3 1 2 7 4 5 0 3 6
19 15 4 1 2 4 0 5 3 7 6
19 15 4 1 3 2 4 6 5 7 0
18 14 4 1 3 2 4 5 7 6 0
20 16 4 1 2 7 4 5 3 6 0
21 17 4 1 0 7 4 5 2 3 6
21 17 4 1 2 7 4 0 5 3 6
23 19 4 1 2 0 4 5 3 6 7
23 19 4 1 2 7 4 6 5 3 0
26 22 4 1 2 0 4 6 5 3 7
26 23 3 1 2 3 4 6 5 0 7
26 24 2 1 2 3 4 6 5 7 0
28 26 2 1 2 3 4 0 5 7 6
28 27 1 1 2 3 4 5 0 7 6
30 28 2 1 0 3 4 5 2 7 6
30 28 2 1 2 3 4 5 7 0 6
31 29 2 1 2 3 4 5 7 6 0
27 24 3 1 2 3 4 6 0 5 7
27 25 2 1 2 3 4 0 6 5 7
29 27 2 1 2 3 4 7 6 5 0
30 28 2 1 2 3 4 7 6 0 5
28 25 3 1 2 3 0 6 5 7 4
30 27 3 0 2 3 4 1 5 7 6
32 29 3 0 1 3 4 5 2 7 6
32 29 3 1 3 0 4 5 2 7 6
32 29 3 1 2 0 4 5 7 3 6
33 30 3 1 2 3 0 5 7 6 4
34 31 3 1 2 3 4 0 7 6 5
29 26 3 0 2 3 4 1 6 5 7
31 28 3 1 2 3 0 7 6 5 4
32 29 3 1 2 0 4 7 6 3 5
32 29 3 1 2 3 4 7 0 6 5
33 30 3 5 2 3 4 1 0 7 6
35 32 3 2 1 3 4 5 0 7 6
31 27 4 0 2 3 4 6 5 7 1
31 27 4 1 2 0 4 6 5 7 3
33 29 4 1 2 3 0 4 5 7 6
33 29 4 1 0 3 4 2 5 7 6
36 32 4 0 2 3 4 5 7 6 1
36 32 4 1 2 0 4 5 7 6 3
29 25 4 1 0 3 4 6 2 5 7
32 28 4 1 2 3 0 4 6 5 7
32 28 4 1 0 3 4 2 6 5 7
34 30 4 0 2 3 4 7 6 5 1
34 30 4 1 2 0 4 7 6 5 3
30 26 4 1 2 0 3 6 5 7 4
31 27 4 0 2 3 1 6 5 7 4
32 28 4 1 2 3 6 0 5 7 4
32 29 3 1 2 3 6 5 0 7 4
32 28 4 2 0 3 4 1 5 7 6
33 29 4 4 2 3 0 1 5 7 6
34 30 4 6 2 3 4 1 5 7 0
34 30 4 5 1 3 4 0 2 7 6
35 31 4 4 1 3 0 5 2 7 6
36 32 4 6 1 3 4 5 2 7 0
34 30 4 1 3 7 4 5 2 0 6
34 30 4 1 3 4 0 5 2 7 6
34 30 4 1 0 2 4 5 7 3 6
34 30 4 1 2 4 0 5 7 3 6
35 31 4 1 2 0 3 5 7 6 4
36 32 4 0 2 3 1 5 7 6 4
37 33 4 1 2 3 6 5 7 0 4
36 32 4 0 2 3 4 1 7 6 5
31 27 4 2 0 3 4 1 6 5 7
32 28 4 4 2 3 0 1 6 5 7
33 29 4 7 2 3 4 1 6 5 0
33 29 4 1 2 0 3 7 6 5 4
34 30 4 0 2 3 1 7 6 5 4
35 31 4 1 2 3 7 0 6 5 4
35 31 4 1 2 3 5 7 6 0 4
34 30 4 1 0 2 4 7 6 3 5
34 30 4 1 2 4 0 7 6 3 5
34 30 4 1 0 3 4 7 2 6 5
35 31 4 5 0 3 4 1 2 7 6
35 31 4 5 2 3 4 0 1 7 6
35 32 3 0 2 3 4 5 1 7 6
35 31 4 5 2 3 4 1 7 0 6
37 33 4 2 0 3 4 5 1 7 6
37 33 4 2 1 3 4 0 5 7 6
37 33 4 2 1 3 4 5 7 0 6
34 30 4 5 2 3 4 6 0 7 1
34 31 3 5 2 3 4 0 6 7 1
34 32 2 0 2 3 4 5 6 7 1
35 35 0 1 2 3 4 5 6 7 0
