6 0 6 2 4 7 3 1 6 0 5
6 1 5 2 4 0 3 1 6 7 5
6 2 4 2 4 3 0 1 6 7 5
7 1 6 2 4 7 3 1 6 5 0
7 2 5 2 0 4 3 1 6 7 5
7 3 4 0 2 4 3 1 6 7 5
7 4 3 1 2 4 3 0 6 7 5
8 1 7 2 4 7 3 1 0 6 5
8 3 5 2 4 3 5 1 6 7 0
8 4 4 0 4 3 2 1 6 7 5
8 6 2 1 2 4 3 5 6 7 0
8 2 6 2 0 7 3 1 4 6 5
8 5 3 1 4 3 2 0 6 7 5
9 5 4 2 4 3 1 0 6 7 5
9 2 7 2 4 7 0 1 6 5 3
9 3 6 2 6 4 3 1 0 7 5
9 5 4 3 2 4 0 1 6 7 5
9 5 4 1 2 4 3 6 0 7 5
9 5 4 4 0 3 2 1 6 7 5
9 3 6 2 7 0 3 1 4 6 5
9 7 2 1 4 3 2 5 6 7 0
9 6 3 3 2 0 4 1 6 7 5
10 3 7 2 4 7 3 0 6 5 1
10 4 6 2 4 0 3 1 6 5 7
10 6 4 5 2 4 3 1 6 7 0
10 2 8 2 4 7 3 0 1 6 5
10 4 6 2 4 3 5 1 6 0 7
10 7 3 1 2 4 0 5 6 7 3
10 7 3 1 2 4 3 5 6 0 7
10 3 7 0 2 7 3 1 4 6 5
10 6 4 1 4 3 2 6 0 7 5
10 7 3 2 4 3 1 5 6 7 0
10 3 7 2 4 0 7 1 6 5 3
10 4 6 2 7 3 0 1 4 6 5
10 5 5 2 4 3 0 1 6 5 7
10 3 7 0 4 7 3 2 1 6 5
10 8 2 1 2 0 4 5 6 7 3
10 4 6 1 2 7 3 0 4 6 5
10 4 6 2 4 5 7 1 6 0 3
10 5 5 2 7 3 5 1 4 6 0
10 5 5 2 4 5 7 1 0 6 3
10 6 4 2 0 5 7 1 4 6 3
11 5 6 2 4 3 7 1 6 0 5
11 4 7 0 4 7 3 1 6 5 2
11 7 4 1 2 4 0 3 6 7 5
11 5 6 2 4 3 5 0 6 7 1
11 7 4 5 4 3 2 1 6 7 0
11 9 2 1 2 0 3 5 6 7 4
11 6 5 0 4 3 1 2 6 7 5
11 6 5 2 4 3 1 6 0 7 5
11 4 7 0 4 7 2 1 6 5 3
11 4 7 2 6 4 3 0 1 7 5
11 4 7 2 6 4 3 1 7 0 5
11 6 5 3 2 4 5 1 6 7 0
11 6 5 1 0 4 3 6 2 7 5
11 6 5 1 2 4 3 6 7 0 5
11 6 5 4 6 3 2 1 0 7 5
11 6 5 4 3 0 2 1 6 7 5
11 4 7 2 7 6 3 1 4 0 5
11 8 3 1 4 3 0 5 6 7 2
11 8 3 1 4 3 2 5 6 0 7
11 7 4 3 2 7 4 1 6 0 5
11 7 4 3 0 2 4 1 6 7 5
11 4 7 0 4 7 3 2 6 5 1
11 5 6 2 4 5 3 1 6 0 7
11 5 6 2 0 4 3 1 6 5 7
11 4 7 2 4 7 3 5 1 6 0
11 5 6 2 4 3 5 1 0 6 7
11 6 5 1 4 7 3 2 0 6 5
11 5 6 1 2 7 3 4 0 6 5
11 6 5 1 2 7 3 5 4 6 0
11 7 4 1 0 7 3 2 4 6 5
11 5 6 2 4 5 7 1 6 3 0
11 5 6 1 4 7 3 0 6 5 2
11 8 3 1 2 0 4 3 6 7 5
11 10 1 1 2 3 0 5 6 7 4
11 5 6 1 4 7 2 0 6 5 3
11 5 6 2 7 6 3 1 4 5 0
11 6 5 2 4 5 3 1 0 6 7
11 6 5 0 2 4 3 1 6 5 7
11 6 5 2 0 3 5 1 4 6 7
11 6 5 1 2 7 3 4 6 0 5
11 11 0 1 2 3 4 5 6 7 0
