6 0 6 2 4 7 3 1 6 0 5
6 1 5 2 4 0 3 1 6 7 5
6 2 4 2 4 3 0 1 6 7 5
8 4 4 0 4 3 2 1 6 7 5
8 5 3 1 4 3 2 0 6 7 5
9 7 2 1 4 3 2 5 6 7 0
11 8 3 1 4 3 0 5 6 7 2
11 8 3 1 4 3 2 5 6 0 7
9 5 4 2 4 3 1 0 6 7 5
10 7 3 2 4 3 1 5 6 7 0
9 5 4 4 0 3 2 1 6 7 5
11 7 4 5 4 3 2 1 6 7 0
10 6 4 1 4 3 2 6 0 7 5
12 8 4 1 4 3 0 2 6 7 5
12 8 4 1 0 3 2 4 6 7 5
14 10 4 0 4 3 2 5 6 7 1
14 10 4 1 4 0 2 5 6 7 3
13 9 4 1 4 0 3 5 6 7 2
14 10 4 0 4 3 1 5 6 7 2
13 9 4 1 4 0 2 5 6 3 7
13 9 4 1 4 3 2 5 0 6 7
12 8 4 2 4 3 0 5 6 7 1
12 8 4 2 4 3 1 5 6 0 7
15 11 4 4 0 3 2 5 6 7 1
15 11 4 1 0 4 2 5 6 7 3
15 11 4 1 4 2 0 5 6 7 3
15 12 3 1 4 2 3 5 6 7 0
14 10 4 1 0 4 3 5 6 7 2
15 11 4 4 0 3 1 5 6 7 2
14 10 4 1 0 4 2 5 6 3 7
14 10 4 1 4 2 0 5 6 3 7
17 13 4 1 4 2 3 5 6 0 7
18 14 4 1 4 2 3 0 6 7 5
7 2 5 2 0 4 3 1 6 7 5
7 3 4 0 2 4 3 1 6 7 5
7 4 3 1 2 4 3 0 6 7 5
8 6 2 1 2 4 3 5 6 7 0
11 9 2 1 2 0 3 5 6 7 4
11 10 1 1 2 3 0 5 6 7 4
11 11 0 1 2 3 4 5 6 7 0
