12 0 12 7 4 6 2 0 1 3 5
12 3 9 7 4 6 0 2 1 3 5
12 5 7 0 4 6 7 2 1 3 5
13 1 12 0 4 6 2 7 1 3 5
13 2 11 7 4 6 2 5 1 3 0
13 4 9 7 4 6 5 2 1 3 0
13 3 10 2 4 6 0 7 1 3 5
14 8 6 1 4 6 7 2 0 3 5
14 5 9 0 4 6 2 5 1 3 7
14 4 10 2 4 6 5 7 1 3 0
14 9 5 1 0 6 7 2 4 3 5
14 9 5 1 4 6 7 2 3 0 5
14 10 4 1 4 0 7 2 3 6 5
15 1 14 7 4 6 2 1 0 3 5
15 6 9 2 4 6 7 0 1 3 5
15 6 9 4 0 6 7 2 1 3 5
15 3 12 7 4 6 0 5 1 3 2
15 6 9 2 4 6 5 0 1 3 7
14 7 7 0 4 6 5 2 1 3 7
15 2 13 7 0 6 2 1 4 3 5
13 3 10 0 7 6 2 1 4 3 5
12 4 8 1 7 6 2 0 4 3 5
14 5 9 2 7 6 0 1 4 3 5
14 7 7 1 7 6 0 2 4 3 5
14 6 8 2 7 6 5 1 4 3 0
14 8 6 1 7 6 5 2 4 3 0
15 2 13 7 4 6 2 1 3 0 5
14 3 11 7 4 6 2 1 3 5 0
13 4 9 7 4 6 0 1 3 5 2
13 6 7 0 4 6 7 1 3 5 2
12 7 5 1 4 6 7 0 3 5 2
13 9 4 1 4 6 7 2 3 5 0
14 6 8 0 4 6 2 1 3 5 7
13 7 6 1 4 6 2 0 3 5 7
15 7 8 2 4 6 7 1 0 3 5
15 7 8 4 1 6 7 2 0 3 5
15 5 10 0 4 6 7 5 1 3 2
15 7 8 2 4 6 5 1 0 3 7
15 3 12 7 4 0 2 1 3 6 5
13 4 9 7 4 2 0 1 3 6 5
14 5 9 7 4 2 5 1 3 6 0
14 6 8 0 4 2 7 1 3 6 5
14 7 7 1 4 2 7 0 3 6 5
15 5 10 7 4 6 2 0 3 5 1
15 10 5 1 4 6 0 2 3 5 7
15 8 7 2 4 6 0 1 3 5 7
15 8 7 2 0 6 7 1 4 3 5
15 8 7 2 4 6 7 1 3 0 5
15 8 7 4 1 6 7 2 3 0 5
15 6 9 5 4 6 7 0 1 3 2
15 8 7 2 0 6 5 1 4 3 7
15 8 7 2 4 6 5 1 3 0 7
15 9 6 2 4 6 7 1 3 5 0
15 9 6 2 4 0 7 1 3 6 5
15 9 6 4 1 0 7 2 3 6 5
15 9 6 4 1 6 7 2 3 5 0
15 9 6 2 4 0 5 1 3 6 7
15 10 5 2 4 5 0 1 3 6 7
15 11 4 2 4 5 7 1 3 6 0
16 4 12 7 4 0 6 2 1 3 5
16 8 8 5 4 6 7 2 1 3 0
16 4 12 5 4 6 2 7 1 3 0
16 4 12 1 4 6 2 7 0 3 5
14 5 9 1 4 6 2 0 7 3 5
15 7 8 1 4 6 2 5 7 3 0
16 3 13 7 4 6 2 5 1 0 3
16 5 11 7 4 6 5 2 1 0 3
16 9 7 1 4 6 7 0 2 3 5
16 6 10 5 4 6 2 0 1 3 7
16 7 9 2 4 6 0 5 1 3 7
16 8 8 1 4 6 2 5 0 3 7
16 10 6 1 4 6 5 2 0 3 7
16 10 6 0 1 6 7 2 4 3 5
16 10 6 1 6 0 7 2 4 3 5
16 11 5 1 0 4 7 2 3 6 5
16 11 5 1 4 7 0 2 3 6 5
16 6 10 1 7 6 2 5 4 3 0
16 6 10 2 7 0 6 1 4 3 5
16 8 8 1 7 0 6 2 4 3 5
16 7 9 2 7 6 5 1 4 0 3
16 9 7 1 7 6 5 2 4 0 3
16 7 9 4 0 6 7 1 3 5 2
16 8 8 1 4 6 7 3 0 5 2
16 12 4 1 4 0 7 2 3 5 6
16 8 8 0 4 2 5 1 3 6 7
16 7 9 4 0 2 7 1 3 6 5
16 8 8 1 4 2 7 3 0 6 5
16 5 11 7 4 3 6 2 1 0 5
15 6 9 7 4 3 6 2 1 5 0
14 7 7 7 4 3 0 2 1 5 6
14 9 5 0 4 3 7 2 1 5 6
16 4 12 7 4 0 2 5 1 6 3
16 6 10 7 4 0 5 2 1 6 3
14 7 7 7 4 5 0 2 1 6 3
13 9 4 0 4 5 7 2 1 6 3
15 8 7 7 4 5 3 2 1 6 0
16 11 5 1 0 6 5 2 4 3 7
16 11 5 1 4 6 5 2 3 0 7
16 11 5 1 6 3 7 2 4 0 5
16 12 4 1 3 4 7 2 0 6 5
16 12 4 1 4 7 5 2 3 6 0
16 7 9 2 7 3 6 1 4 0 5
16 7 9 2 0 7 6 1 4 3 5
16 9 7 1 7 3 6 2 4 0 5
16 9 7 1 0 7 6 2 4 3 5
16 8 8 2 7 0 5 1 4 6 3
16 10 6 1 7 0 5 2 4 6 3
16 8 8 4 3 6 7 1 0 5 2
16 9 7 1 0 6 7 3 4 5 2
16 13 3 1 4 5 7 2 3 0 6
16 9 7 1 4 2 5 0 3 6 7
16 8 8 4 3 2 7 1 0 6 5
16 8 8 4 2 0 7 1 3 6 5
16 9 7 1 0 2 7 3 4 6 5
16 9 7 0 4 3 6 2 1 5 7
16 12 4 1 4 3 7 2 0 5 6
16 5 11 7 0 4 2 5 1 6 3
15 6 9 0 7 4 2 5 1 6 3
16 5 11 7 4 2 0 5 1 6 3
15 6 9 7 4 2 3 5 1 6 0
16 12 4 3 4 5 7 2 1 6 0
16 12 4 1 4 5 7 2 0 6 3
16 11 5 0 4 5 3 2 1 6 7
16 12 4 1 4 0 5 2 3 6 7
16 12 4 1 6 3 7 2 4 5 0
16 8 8 2 7 3 6 1 4 5 0
16 10 6 1 7 3 6 2 4 5 0
16 9 7 2 0 7 5 1 4 6 3
16 9 7 2 7 5 0 1 4 6 3
16 11 5 1 0 7 5 2 4 6 3
16 11 5 1 7 5 0 2 4 6 3
16 9 7 4 3 6 7 0 1 5 2
16 10 6 1 2 0 7 3 4 6 5
16 13 3 1 0 3 7 2 4 5 6
16 6 10 7 1 4 2 5 0 6 3
16 7 9 0 4 2 7 5 1 6 3
16 9 7 0 4 2 3 5 1 6 7
16 13 3 1 0 5 7 2 4 6 3
16 13 3 1 4 5 0 2 3 6 7
16 9 7 2 7 3 0 1 4 5 6
16 11 5 1 7 3 0 2 4 5 6
16 10 6 2 7 5 3 1 4 6 0
16 12 4 1 7 5 3 2 4 6 0
16 10 6 0 3 6 7 4 1 5 2
16 14 2 1 3 0 7 2 4 5 6
16 7 9 7 1 4 2 5 6 0 3
15 8 7 7 1 4 2 5 6 3 0
16 14 2 1 4 5 7 2 3 6 0
16 15 1 1 3 5 7 2 4 0 6
16 16 0 1 3 5 7 2 4 6 0
