10 0 10 7 4 6 2 0 1 3 5
10 1 9 0 4 6 2 7 1 3 5
11 4 7 1 4 6 2 7 0 3 5
12 5 7 1 4 6 2 0 7 3 5
13 7 6 1 4 6 2 5 7 3 0
15 10 5 1 4 0 2 5 7 3 6
15 11 4 1 4 3 2 5 7 0 6
15 12 3 1 4 3 2 5 0 7 6
16 12 4 1 4 3 2 5 7 6 0
17 13 4 1 0 3 2 5 4 7 6
17 13 4 1 4 3 2 0 5 7 6
19 15 4 1 4 3 2 6 5 7 0
16 11 5 1 0 4 2 5 7 3 6
16 11 5 1 4 2 0 5 7 3 6
18 13 5 1 4 3 0 5 7 6 2
19 14 5 1 4 3 2 0 7 6 5
19 14 5 0 1 3 2 5 4 7 6
21 17 4 4 1 3 2 5 0 7 6
19 14 5 1 3 0 2 5 4 7 6
19 14 5 0 4 3 2 1 5 7 6
21 16 5 1 4 3 0 2 5 7 6
21 16 5 1 0 3 2 4 5 7 6
21 16 5 1 4 3 0 6 5 7 2
21 16 5 1 4 3 2 6 5 0 7
19 14 5 1 4 2 3 5 7 0 6
19 15 4 1 4 2 3 5 0 7 6
20 15 5 1 4 3 2 7 0 6 5
20 16 4 1 4 3 2 7 6 0 5
21 17 4 1 4 3 2 7 6 5 0
23 19 4 1 4 3 2 0 6 5 7
21 16 5 2 1 3 0 5 4 7 6
23 18 5 4 0 3 2 5 1 7 6
23 18 5 4 1 3 2 0 5 7 6
23 18 5 4 1 3 2 5 7 0 6
20 15 5 1 3 2 0 5 4 7 6
20 15 5 4 0 3 2 1 5 7 6
21 16 5 2 4 3 0 1 5 7 6
22 17 5 5 4 3 2 1 0 7 6
24 19 5 1 4 3 7 2 5 0 6
24 20 4 1 4 3 7 2 0 5 6
24 21 3 1 0 3 7 2 4 5 6
24 22 2 1 3 0 7 2 4 5 6
24 23 1 1 3 5 7 2 4 0 6
24 24 0 1 3 5 7 2 4 6 0
