12 0 12 7 4 6 2 0 1 3 5
12 3 9 7 4 6 0 2 1 3 5
12 5 7 0 4 6 7 2 1 3 5
14 8 6 1 4 6 7 2 0 3 5
14 9 5 1 0 6 7 2 4 3 5
14 9 5 1 4 6 7 2 3 0 5
14 10 4 1 4 0 7 2 3 6 5
14 10 4 1 4 6 7 2 3 5 0
17 13 4 1 4 0 7 2 3 5 6
17 14 3 1 4 5 7 2 3 0 6
17 15 2 1 4 5 7 2 3 6 0
19 16 3 1 4 5 0 2 3 6 7
20 17 3 1 4 5 7 0 3 6 2
21 18 3 0 4 5 7 2 3 6 1
19 15 4 1 4 5 7 2 0 3 6
19 16 3 1 0 5 7 2 4 3 6
21 17 4 1 4 0 5 2 3 6 7
22 18 4 0 4 5 1 2 3 6 7
23 19 4 1 4 5 2 0 3 6 7
21 17 4 0 1 5 7 2 4 3 6
21 17 4 1 5 0 7 2 4 3 6
21 18 3 1 5 3 7 2 4 0 6
21 19 2 1 5 3 7 2 4 6 0
23 20 3 1 5 3 0 2 4 6 7
24 21 3 1 5 3 7 0 4 6 2
25 22 3 0 5 3 7 2 4 6 1
23 19 4 1 5 3 7 2 0 4 6
26 22 4 1 5 0 7 2 4 6 3
26 23 3 1 0 5 7 2 4 6 3
27 24 3 0 1 5 7 2 4 6 3
29 27 2 3 1 5 7 2 4 6 0
31 28 3 3 1 5 0 2 4 6 7
31 28 3 3 1 5 7 2 4 0 6
32 29 3 3 1 5 7 0 4 6 2
25 21 4 1 5 0 3 2 4 6 7
25 22 3 1 0 5 3 2 4 6 7
26 22 4 0 5 3 1 2 4 6 7
27 23 4 1 5 3 2 0 4 6 7
28 24 4 1 4 5 7 2 0 6 3
34 30 4 3 1 0 7 2 4 6 5
33 29 4 3 1 0 5 2 4 6 7
34 30 4 0 1 5 3 2 4 6 7
35 31 4 3 1 5 2 0 4 6 7
33 29 4 3 1 0 7 2 4 5 6
33 29 4 3 1 5 7 2 0 4 6
27 23 4 1 4 5 3 2 0 6 7
16 11 5 1 0 4 7 2 3 6 5
16 12 4 1 3 4 7 2 0 6 5
16 11 5 1 4 7 0 2 3 6 5
16 12 4 1 4 7 5 2 3 6 0
16 11 5 1 4 6 0 2 3 5 7
17 12 5 1 4 6 7 0 3 5 2
18 13 5 0 4 6 7 2 3 5 1
19 14 5 1 0 4 7 2 3 5 6
19 15 4 1 3 4 7 2 0 5 6
19 14 5 1 4 7 0 2 3 5 6
24 19 5 1 4 5 6 2 3 0 7
23 18 5 0 4 5 7 1 3 6 2
25 21 4 2 4 5 7 1 3 6 0
25 20 5 1 0 5 7 4 3 6 2
25 21 4 1 3 5 7 4 0 6 2
23 22 1 1 3 5 7 0 4 6 2
24 24 0 1 3 5 7 2 4 6 0
