8 0 8 1 2 4 3 7 0 5 6
8 1 7 1 2 4 3 0 7 5 6
8 1 7 1 2 4 3 7 5 0 6
8 2 6 1 2 4 3 7 5 6 0
9 3 6 1 2 4 3 6 7 5 0
9 4 5 1 2 4 3 0 5 6 7
9 5 4 1 2 4 3 5 0 6 7
9 6 3 1 2 4 3 5 6 0 7
9 7 2 1 2 4 3 5 6 7 0
10 1 9 1 0 4 3 7 2 5 6
10 2 8 0 2 4 3 1 7 5 6
10 2 8 1 2 0 3 7 5 4 6
9 3 6 1 2 3 0 7 5 4 6
10 3 7 1 2 4 0 7 5 6 3
10 4 6 1 2 0 4 7 5 6 3
11 5 6 1 2 0 3 7 5 6 4
11 4 7 1 2 4 0 6 7 5 3
11 4 7 1 2 4 3 6 7 0 5
11 5 6 0 2 4 3 1 5 6 7
11 6 5 1 0 4 3 5 2 6 7
11 7 4 1 2 0 3 5 6 4 7
10 8 2 1 2 3 0 5 6 4 7
11 8 3 1 2 4 0 5 6 7 3
11 6 5 1 2 3 4 7 5 0 6
11 6 5 1 2 3 0 7 5 6 4
11 5 6 1 2 0 4 6 7 5 3
11 5 6 1 2 4 3 6 0 7 5
9 6 3 1 2 4 3 0 6 7 5
11 9 2 1 2 0 4 5 6 7 3
11 7 4 1 2 3 4 7 5 6 0
12 4 8 1 2 4 0 3 7 5 6
12 5 7 0 2 4 3 7 5 6 1
12 6 6 1 2 0 3 6 7 5 4
12 10 2 1 2 0 3 5 6 7 4
12 2 10 0 1 4 3 7 2 5 6
12 2 10 1 4 0 3 7 2 5 6
9 3 6 1 4 3 0 7 2 5 6
11 6 5 1 4 3 7 0 2 5 6
11 7 4 1 4 3 7 2 0 5 6
11 8 3 1 0 3 7 2 4 5 6
11 9 2 1 3 0 7 2 4 5 6
11 10 1 1 3 5 7 2 4 0 6
11 11 0 1 3 5 7 2 4 6 0
