8 0 8 2 5 4 1 7 0 3 6
8 1 7 2 0 4 1 7 5 3 6
8 2 6 0 2 4 1 7 5 3 6
9 1 8 2 5 4 1 0 7 3 6
9 2 7 2 4 0 1 7 5 3 6
9 4 5 1 2 4 0 7 5 3 6
9 3 6 2 4 3 1 7 5 0 6
9 5 4 1 2 0 4 7 5 3 6
9 6 3 1 2 3 4 7 5 0 6
10 1 9 2 5 4 1 7 3 0 6
10 3 7 7 2 4 1 0 5 3 6
10 4 6 2 0 4 1 5 7 3 6
10 3 7 2 4 1 0 7 5 3 6
10 4 6 2 4 3 1 7 0 5 6
10 4 6 2 4 3 1 7 5 6 0
10 7 3 1 2 3 4 7 0 5 6
10 7 3 1 2 3 4 7 5 6 0
10 2 8 2 5 0 1 7 3 4 6
10 2 8 2 5 4 1 7 3 6 0
10 4 6 7 2 4 1 5 0 3 6
10 5 5 0 2 4 1 5 7 3 6
10 3 7 2 0 5 1 7 3 4 6
10 4 6 2 3 5 1 7 0 4 6
10 5 5 2 3 5 1 7 4 0 6
10 6 4 2 3 5 1 7 4 6 0
11 5 6 5 2 4 1 7 0 3 6
11 2 9 0 5 4 1 2 7 3 6
11 3 8 2 5 4 1 6 7 3 0
11 5 6 1 2 4 6 7 5 3 0
11 6 5 1 0 2 4 7 5 3 6
11 5 6 2 4 0 1 5 7 3 6
11 5 6 2 4 3 1 0 7 5 6
11 8 3 1 2 3 4 0 7 5 6
11 3 8 2 5 1 0 7 3 4 6
11 4 7 2 5 4 1 0 3 6 7
11 7 4 1 2 4 0 5 7 3 6
11 5 6 2 3 5 1 0 7 4 6
11 8 3 2 3 5 1 0 4 6 7
11 3 8 5 0 4 1 2 7 3 6
11 6 5 2 4 3 1 5 7 0 6
11 5 6 0 5 4 1 2 3 6 7
11 8 3 1 2 0 4 5 7 3 6
11 6 5 0 3 5 1 2 7 4 6
11 9 2 0 3 5 1 2 4 6 7
11 7 4 2 4 3 1 5 0 7 6
11 9 2 1 2 3 4 5 7 0 6
11 10 1 1 2 3 4 5 0 7 6
12 5 7 6 2 4 1 7 5 3 0
12 4 8 2 5 4 0 1 7 3 6
12 7 5 1 2 4 3 7 5 0 6
12 5 7 7 2 4 1 6 5 3 0
12 5 7 2 7 4 1 5 0 3 6
12 4 8 2 4 1 6 7 5 3 0
12 5 7 0 4 1 2 7 5 3 6
12 5 7 2 0 3 1 7 4 5 6
12 5 7 2 4 3 0 7 5 6 1
12 6 6 2 4 3 1 0 5 6 7
12 8 4 1 0 3 4 7 2 5 6
12 8 4 1 2 3 0 7 5 6 4
12 9 3 1 2 3 4 0 5 6 7
12 3 9 2 5 4 0 7 3 6 1
12 5 7 2 5 0 1 7 3 6 4
12 5 7 7 0 4 1 5 2 3 6
12 5 7 7 2 4 1 5 3 0 6
12 6 6 5 2 4 1 0 7 3 6
12 4 8 0 2 5 1 7 3 4 6
12 6 6 2 3 0 1 7 4 5 6
12 7 5 2 3 5 0 7 4 6 1
12 4 8 1 5 4 0 2 7 3 6
12 6 6 2 4 1 0 5 7 3 6
12 6 6 2 5 1 7 0 3 4 6
12 4 8 5 7 4 1 2 0 3 6
12 4 8 5 4 0 1 2 7 3 6
12 7 5 2 4 3 1 5 7 6 0
12 6 6 5 0 4 1 2 3 6 7
12 7 5 1 5 4 0 2 3 6 7
12 8 4 1 3 5 0 2 7 4 6
12 11 1 1 3 5 0 2 4 6 7
12 10 2 1 2 3 4 5 7 6 0
12 5 7 2 5 0 4 1 7 3 6
12 6 6 0 2 3 1 7 4 5 6
12 7 5 2 4 3 1 5 0 6 7
12 10 2 1 2 3 4 5 0 6 7
12 6 6 2 0 5 1 7 3 6 4
12 5 7 7 2 5 1 0 3 4 6
12 5 7 1 5 0 4 2 7 3 6
12 7 5 0 5 1 7 2 3 4 6
12 5 7 5 7 4 1 2 3 0 6
12 5 7 5 4 3 1 2 7 0 6
12 7 5 5 3 4 1 2 0 6 7
12 7 5 5 4 0 1 2 3 6 7
12 8 4 1 5 4 7 2 3 6 0
12 12 0 1 3 5 7 2 4 6 0
