12 0 12 2 5 4 1 7 0 3 6
10 1 9 2 5 4 1 0 7 3 6
13 4 9 2 5 4 0 1 7 3 6
13 5 8 2 5 0 4 1 7 3 6
13 6 7 2 5 3 4 1 7 0 6
13 7 6 2 5 3 4 1 0 7 6
13 8 5 2 0 3 4 1 5 7 6
13 9 4 0 2 3 4 1 5 7 6
13 10 3 1 2 3 4 0 5 7 6
13 11 2 1 2 3 4 5 0 7 6
14 12 2 1 2 3 4 6 5 7 0
15 12 3 1 0 3 4 5 2 7 6
15 12 3 1 2 3 4 5 7 0 6
15 13 2 1 2 3 4 5 7 6 0
16 13 3 1 2 3 0 6 5 7 4
16 13 3 1 2 3 4 6 5 0 7
18 15 3 0 2 3 4 6 5 7 1
17 14 3 1 2 3 0 5 7 6 4
18 15 3 1 2 3 4 0 7 6 5
19 16 3 0 2 3 4 5 7 6 1
16 12 4 6 2 3 4 1 5 7 0
16 12 4 5 2 3 4 1 0 7 6
17 13 4 1 2 3 0 4 5 7 6
19 15 4 1 2 0 4 6 5 7 3
17 13 4 0 1 3 4 5 2 7 6
17 13 4 1 3 0 4 5 2 7 6
17 13 4 1 2 0 4 5 7 3 6
20 16 4 1 2 0 4 5 7 6 3
18 14 4 1 2 0 3 6 5 7 4
19 15 4 0 2 3 1 6 5 7 4
20 16 4 1 2 3 6 0 5 7 4
18 14 4 1 2 0 4 6 5 3 7
18 14 4 1 2 3 4 6 0 5 7
18 15 3 1 2 3 4 0 6 5 7
19 15 4 1 2 0 3 5 7 6 4
20 16 4 0 2 3 1 5 7 6 4
21 17 4 1 2 3 5 0 7 6 4
20 16 4 6 1 3 4 5 2 7 0
20 16 4 2 1 3 4 5 0 7 6
21 17 4 1 2 3 6 5 0 7 4
20 16 4 0 2 3 4 1 6 5 7
21 17 4 1 2 3 4 7 6 5 0
22 18 4 1 2 3 0 4 6 5 7
16 11 5 4 2 3 0 1 5 7 6
18 13 5 1 0 3 4 2 5 7 6
21 16 5 1 2 3 7 6 5 0 4
21 16 5 6 2 3 4 0 5 7 1
22 17 5 1 2 3 6 5 7 0 4
21 16 5 0 2 3 4 1 7 6 5
23 19 4 5 2 3 4 1 7 6 0
22 17 5 5 2 3 4 0 7 6 1
18 13 5 6 2 3 0 1 5 7 4
18 13 5 6 2 3 4 1 5 0 7
18 13 5 5 0 3 4 1 2 7 6
18 13 5 5 2 3 4 0 1 7 6
17 14 3 0 2 3 4 5 1 7 6
19 15 4 5 2 3 4 6 1 7 0
21 17 4 6 2 3 4 5 1 7 0
22 18 4 0 2 3 4 6 1 7 5
25 21 4 1 2 3 4 6 0 7 5
23 22 1 1 2 3 4 0 6 7 5
24 24 0 1 2 3 4 5 6 7 0
