12 0 12 4 1 7 6 5 0 2 3
12 1 11 4 1 7 6 5 2 0 3
11 2 9 4 1 7 6 5 2 3 0
10 3 7 4 1 7 0 5 2 3 6
11 5 6 0 1 7 4 5 2 3 6
11 6 5 1 0 7 4 5 2 3 6
11 7 4 1 2 7 4 5 0 3 6
12 2 10 4 1 0 6 5 2 7 3
10 3 7 4 1 6 0 5 2 7 3
11 4 7 4 1 6 3 5 2 7 0
11 5 6 0 1 6 4 5 2 7 3
11 6 5 1 0 6 4 5 2 7 3
11 7 4 1 2 6 4 5 0 7 3
11 7 4 1 6 0 4 5 2 7 3
13 1 12 4 1 7 6 0 5 2 3
13 5 8 0 1 7 6 5 2 3 4
13 6 7 5 1 7 4 0 2 3 6
13 7 6 1 7 0 4 5 2 3 6
13 8 5 1 2 7 4 0 5 3 6
13 8 5 1 2 7 4 5 3 0 6
13 7 6 0 1 6 3 5 2 7 4
13 6 7 5 1 6 4 0 2 7 3
13 8 5 1 2 6 4 0 5 7 3
13 8 5 1 2 6 4 5 7 0 3
13 8 5 1 6 7 4 5 2 0 3
13 8 5 1 6 4 0 5 2 7 3
13 2 11 0 1 7 6 4 5 2 3
13 4 9 4 1 7 0 6 5 2 3
13 6 7 1 0 7 6 5 2 3 4
13 8 5 1 7 3 4 5 2 0 6
13 9 4 1 2 0 4 5 3 7 6
13 9 4 1 2 7 4 5 3 6 0
13 8 5 1 0 6 3 5 2 7 4
13 9 4 1 2 0 4 5 7 6 3
13 9 4 1 2 6 4 5 7 3 0
13 9 4 1 6 7 4 5 2 3 0
13 9 4 1 6 4 3 5 2 7 0
13 7 6 1 2 7 6 5 0 3 4
13 9 4 1 7 3 4 5 2 6 0
13 9 4 1 2 6 3 5 0 7 4
13 9 4 1 6 0 3 5 2 7 4
13 10 3 1 6 3 0 5 2 7 4
13 11 2 1 6 3 4 5 2 7 0
14 1 13 4 0 7 6 5 1 2 3
13 2 11 0 4 7 6 5 1 2 3
14 4 10 4 1 7 6 0 2 3 5
14 4 10 4 1 0 7 5 2 3 6
14 8 6 2 1 7 4 5 0 3 6
14 3 11 4 0 1 6 5 2 7 3
14 5 9 4 1 6 3 5 2 0 7
14 8 6 3 1 6 4 5 2 7 0
14 8 6 2 1 6 4 5 0 7 3
14 6 8 5 1 7 6 0 2 3 4
14 7 7 6 1 7 0 5 2 3 4
14 8 6 5 1 7 4 6 2 3 0
14 10 4 1 2 7 4 6 5 3 0
14 3 11 1 0 7 6 4 5 2 3
14 4 10 6 1 7 0 4 5 2 3
14 5 9 4 1 7 3 6 5 2 0
14 6 8 0 1 7 4 6 5 2 3
14 8 6 1 2 7 6 0 5 3 4
14 5 9 4 1 3 7 5 2 0 6
13 6 7 4 1 3 7 5 2 6 0
12 7 5 4 1 3 0 5 2 6 7
13 9 4 0 1 3 4 5 2 6 7
13 10 3 1 0 3 4 5 2 6 7
13 11 2 1 2 3 4 5 0 6 7
13 12 1 1 2 3 4 5 6 0 7
13 13 0 1 2 3 4 5 6 7 0
