9 0 9 4 1 7 6 5 0 2 3
9 1 8 4 1 7 6 5 2 0 3
9 2 7 4 1 0 6 5 2 7 3
9 2 7 4 1 7 6 5 2 3 0
9 3 6 4 1 7 0 5 2 3 6
10 5 5 0 1 7 4 5 2 3 6
10 6 4 1 0 7 4 5 2 3 6
10 7 3 1 2 7 4 5 0 3 6
12 8 4 1 2 7 4 0 5 3 6
12 8 4 1 2 7 4 5 3 0 6
12 9 3 1 2 0 4 5 3 7 6
14 10 4 1 2 7 4 6 5 3 0
13 9 4 1 2 7 4 5 3 6 0
14 10 4 1 0 2 4 5 3 7 6
14 11 3 1 3 2 4 5 0 7 6
14 10 4 1 2 4 0 5 3 7 6
17 13 4 1 2 0 4 6 5 3 7
17 14 3 1 2 3 4 6 5 0 7
17 15 2 1 2 3 4 6 5 7 0
19 17 2 1 2 3 4 0 5 7 6
19 18 1 1 2 3 4 5 0 7 6
21 19 2 1 0 3 4 5 2 7 6
21 19 2 1 2 3 4 5 7 0 6
22 20 2 1 2 3 4 5 7 6 0
18 15 3 1 2 3 4 6 0 5 7
18 16 2 1 2 3 4 0 6 5 7
20 18 2 1 2 3 4 7 6 5 0
21 19 2 1 2 3 4 7 6 0 5
19 16 3 1 2 3 0 6 5 7 4
21 18 3 0 2 3 4 1 5 7 6
23 20 3 0 1 3 4 5 2 7 6
23 20 3 1 3 0 4 5 2 7 6
23 20 3 1 2 0 4 5 7 3 6
24 21 3 1 2 3 0 5 7 6 4
25 22 3 1 2 3 4 0 7 6 5
20 17 3 0 2 3 4 1 6 5 7
22 19 3 1 2 3 0 7 6 5 4
23 20 3 1 2 0 4 7 6 3 5
23 20 3 1 2 3 4 7 0 6 5
24 21 3 5 2 3 4 1 0 7 6
26 23 3 2 1 3 4 5 0 7 6
16 12 4 1 2 0 4 5 3 6 7
16 12 4 1 3 2 4 0 5 7 6
16 12 4 1 3 2 4 5 7 0 6
22 18 4 0 2 3 4 6 5 7 1
22 18 4 1 2 0 4 6 5 7 3
24 20 4 1 2 3 0 4 5 7 6
24 20 4 1 0 3 4 2 5 7 6
27 23 4 0 2 3 4 5 7 6 1
27 23 4 1 2 0 4 5 7 6 3
20 16 4 1 0 3 4 6 2 5 7
23 19 4 1 2 3 0 4 6 5 7
23 19 4 1 0 3 4 2 6 5 7
25 21 4 0 2 3 4 7 6 5 1
25 21 4 1 2 0 4 7 6 5 3
21 17 4 1 2 0 3 6 5 7 4
22 18 4 0 2 3 1 6 5 7 4
23 19 4 1 2 3 6 0 5 7 4
23 20 3 1 2 3 6 5 0 7 4
23 19 4 2 0 3 4 1 5 7 6
24 20 4 4 2 3 0 1 5 7 6
25 21 4 6 2 3 4 1 5 7 0
25 21 4 5 1 3 4 0 2 7 6
26 22 4 4 1 3 0 5 2 7 6
27 23 4 6 1 3 4 5 2 7 0
25 21 4 1 3 7 4 5 2 0 6
25 21 4 1 3 4 0 5 2 7 6
25 21 4 1 0 2 4 5 7 3 6
25 21 4 1 2 4 0 5 7 3 6
26 22 4 1 2 0 3 5 7 6 4
27 23 4 0 2 3 1 5 7 6 4
28 24 4 1 2 3 6 5 7 0 4
27 23 4 0 2 3 4 1 7 6 5
22 18 4 2 0 3 4 1 6 5 7
23 19 4 4 2 3 0 1 6 5 7
24 20 4 7 2 3 4 1 6 5 0
24 20 4 1 2 0 3 7 6 5 4
25 21 4 0 2 3 1 7 6 5 4
26 22 4 1 2 3 7 0 6 5 4
26 22 4 1 2 3 5 7 6 0 4
25 21 4 1 0 2 4 7 6 3 5
25 21 4 1 2 4 0 7 6 3 5
25 21 4 1 0 3 4 7 2 6 5
26 22 4 5 0 3 4 1 2 7 6
26 22 4 5 2 3 4 0 1 7 6
26 23 3 0 2 3 4 5 1 7 6
26 22 4 5 2 3 4 1 7 0 6
28 24 4 2 0 3 4 5 1 7 6
28 24 4 2 1 3 4 0 5 7 6
28 24 4 2 1 3 4 5 7 0 6
18 14 4 1 3 2 4 6 5 7 0
17 13 4 1 3 2 4 5 7 6 0
25 21 4 5 2 3 4 6 0 7 1
25 22 3 5 2 3 4 0 6 7 1
25 23 2 0 2 3 4 5 6 7 1
26 26 0 1 2 3 4 5 6 7 0
