12 0 12 4 1 7 6 5 0 2 3
12 1 11 4 1 7 6 5 2 0 3
11 2 9 4 1 7 6 5 2 3 0
10 3 7 4 1 7 0 5 2 3 6
11 5 6 0 1 7 4 5 2 3 6
11 6 5 1 0 7 4 5 2 3 6
11 7 4 1 2 7 4 5 0 3 6
13 8 5 1 2 7 4 0 5 3 6
14 10 4 1 2 7 4 6 5 3 0
17 13 4 1 2 0 4 6 5 3 7
17 14 3 1 2 3 4 6 5 0 7
17 15 2 1 2 3 4 6 5 7 0
19 16 3 1 2 3 0 6 5 7 4
20 17 3 1 2 3 4 0 5 7 6
20 18 2 1 2 3 4 5 0 7 6
21 18 3 0 2 3 4 6 5 7 1
22 19 3 1 0 3 4 5 2 7 6
22 19 3 1 2 3 4 5 7 0 6
22 20 2 1 2 3 4 5 7 6 0
24 21 3 1 2 3 0 5 7 6 4
25 22 3 1 2 3 4 0 7 6 5
26 23 3 0 2 3 4 5 7 6 1
19 15 4 1 2 3 4 6 0 5 7
19 16 3 1 2 3 4 0 6 5 7
22 18 4 1 2 0 4 6 5 7 3
21 17 4 1 2 0 3 6 5 7 4
22 18 4 0 2 3 1 6 5 7 4
23 19 4 1 2 3 6 0 5 7 4
22 18 4 0 2 3 4 1 5 7 6
24 20 4 1 2 3 0 4 5 7 6
24 20 4 0 1 3 4 5 2 7 6
24 20 4 1 3 0 4 5 2 7 6
24 20 4 1 2 0 4 5 7 3 6
27 23 4 1 2 0 4 5 7 6 3
26 22 4 1 2 0 3 5 7 6 4
27 23 4 0 2 3 1 5 7 6 4
28 24 4 1 2 3 5 0 7 6 4
21 17 4 0 2 3 4 1 6 5 7
22 18 4 1 2 3 4 7 6 5 0
23 19 4 1 2 3 0 4 6 5 7
24 20 4 1 2 3 6 5 0 7 4
25 21 4 6 2 3 4 1 5 7 0
25 21 4 5 2 3 4 1 0 7 6
27 23 4 6 1 3 4 5 2 7 0
27 23 4 2 1 3 4 5 0 7 6
13 8 5 1 2 7 4 5 3 0 6
13 9 4 1 2 0 4 5 3 7 6
13 9 4 1 2 7 4 5 3 6 0
16 12 4 1 2 0 4 5 3 6 7
16 11 5 1 2 7 0 6 5 3 4
16 11 5 1 2 7 4 6 5 0 3
18 13 5 0 2 7 4 6 5 3 1
19 14 5 1 0 2 4 6 5 3 7
19 14 5 1 2 4 0 6 5 3 7
24 19 5 1 2 3 7 6 5 0 4
25 20 5 1 0 3 4 2 5 7 6
24 19 5 6 2 3 4 0 5 7 1
29 24 5 1 2 3 6 5 7 0 4
28 23 5 0 2 3 4 1 7 6 5
30 26 4 5 2 3 4 1 7 6 0
29 24 5 5 2 3 4 0 7 6 1
21 16 5 1 0 3 4 6 2 5 7
24 19 5 1 0 3 4 2 6 5 7
24 19 5 1 0 2 4 6 5 7 3
24 19 5 1 2 4 0 6 5 7 3
24 20 4 1 2 4 3 6 5 7 0
23 18 5 1 2 7 3 6 5 0 4
23 18 5 1 0 2 3 6 5 7 4
24 19 5 2 0 3 4 1 5 7 6
25 20 5 4 2 3 0 1 5 7 6
26 21 5 5 1 3 4 0 2 7 6
27 23 4 5 1 3 4 6 2 7 0
27 22 5 4 1 3 0 5 2 7 6
26 21 5 1 3 7 4 5 2 0 6
26 22 4 1 3 7 4 5 2 6 0
29 25 4 1 3 0 4 5 2 6 7
29 26 3 1 0 3 4 5 2 6 7
29 27 2 1 2 3 4 5 0 6 7
29 28 1 1 2 3 4 5 6 0 7
29 29 0 1 2 3 4 5 6 7 0
