11 0 11 3 0 5 1 4 7 2 6
9 1 8 0 3 5 1 4 7 2 6
10 3 7 1 3 5 0 4 7 2 6
11 1 10 3 7 5 1 4 0 2 6
10 2 8 3 7 5 1 0 4 2 6
11 2 9 3 7 5 1 4 2 0 6
11 3 8 0 7 5 1 3 4 2 6
11 3 8 3 7 5 1 4 2 6 0
12 2 10 4 3 5 1 0 7 2 6
12 4 8 1 3 5 6 4 7 2 0
12 4 8 1 3 0 5 4 7 2 6
12 5 7 3 7 5 0 1 4 2 6
12 5 7 1 7 5 0 3 4 2 6
13 1 12 3 5 0 1 4 7 2 6
13 3 10 3 7 0 1 4 2 5 6
13 4 9 3 7 5 0 4 2 6 1
13 5 8 3 7 5 1 0 2 6 4
13 6 7 0 7 5 1 4 2 6 3
13 2 11 3 5 1 0 4 7 2 6
13 4 9 3 0 7 1 4 2 5 6
11 5 6 0 3 7 1 4 2 5 6
12 7 5 1 3 7 0 4 2 5 6
12 8 4 1 3 0 7 4 2 5 6
12 9 3 1 3 5 7 4 2 0 6
12 10 2 1 3 5 7 4 2 6 0
13 4 9 3 7 1 0 4 2 5 6
13 6 7 0 7 5 3 4 2 6 1
14 4 10 7 3 5 1 4 0 2 6
13 5 8 7 3 5 1 0 4 2 6
13 8 5 7 3 5 0 1 4 2 6
14 6 8 1 3 5 4 0 7 2 6
14 4 10 3 7 5 1 6 4 2 0
14 5 9 4 3 5 0 1 7 2 6
14 5 9 1 3 5 6 4 7 0 2
14 5 9 1 3 2 5 4 7 0 6
14 5 9 1 0 3 5 4 7 2 6
14 6 8 3 7 5 6 1 4 2 0
14 6 8 3 7 0 5 1 4 2 6
14 6 8 1 7 5 6 3 4 2 0
14 6 8 1 7 0 5 3 4 2 6
14 6 8 0 7 5 1 3 2 6 4
14 6 8 3 7 5 1 2 0 6 4
14 6 8 4 3 7 1 0 2 5 6
14 8 6 1 3 7 6 4 2 5 0
14 9 5 1 0 3 7 4 2 5 6
14 10 4 1 3 5 7 4 0 2 6
14 5 9 7 3 5 1 4 2 0 6
13 6 7 7 3 5 1 4 2 6 0
13 9 4 0 3 5 1 4 2 6 7
14 6 8 0 3 5 1 7 4 2 6
12 8 4 1 3 5 0 7 4 2 6
14 10 4 0 3 5 7 1 4 2 6
14 6 8 1 3 5 6 4 0 7 2
12 7 5 1 3 5 6 0 4 7 2
13 9 4 1 3 5 6 2 4 7 0
12 10 2 1 3 5 0 2 4 7 6
13 10 3 1 3 5 6 2 4 0 7
14 6 8 1 3 2 5 4 0 7 6
14 6 8 1 3 2 5 4 7 6 0
14 6 8 1 7 3 5 4 0 2 6
14 7 7 3 0 7 5 1 4 2 6
14 7 7 1 0 7 5 3 4 2 6
14 11 3 1 3 5 7 0 4 2 6
14 7 7 7 3 5 0 4 2 6 1
12 9 3 0 3 5 7 4 2 6 1
14 11 3 1 3 5 0 4 2 6 7
14 13 1 1 3 5 7 2 4 0 6
14 7 7 1 3 2 5 0 4 7 6
14 8 6 1 3 2 5 0 7 6 4
14 7 7 1 7 3 5 0 4 2 6
14 7 7 1 7 3 5 4 2 0 6
14 8 6 0 3 7 5 1 4 2 6
14 14 0 1 3 5 7 2 4 6 0
