7 0 7 3 0 5 1 4 7 2 6
7 1 6 3 7 5 1 4 0 2 6
7 2 5 3 7 5 1 0 4 2 6
9 4 5 3 7 5 1 6 4 2 0
10 5 5 3 7 5 0 1 4 2 6
10 5 5 3 7 5 1 6 4 0 2
12 7 5 0 7 5 3 1 4 2 6
12 8 4 1 7 5 3 0 4 2 6
14 10 4 1 7 5 3 6 4 2 0
15 11 4 1 7 5 3 6 4 0 2
13 8 5 7 0 5 3 1 4 2 6
14 9 5 1 7 5 3 4 0 2 6
16 11 5 1 7 5 0 3 4 2 6
16 11 5 1 0 5 3 7 4 2 6
16 11 5 1 7 5 0 6 4 2 3
17 12 5 1 7 0 3 6 4 5 2
17 12 5 1 7 5 3 6 0 4 2
15 10 5 1 7 5 3 4 2 0 6
15 11 4 1 7 5 3 4 2 6 0
17 13 4 1 7 5 3 0 2 6 4
17 14 3 1 7 5 3 2 0 6 4
19 15 4 1 0 5 3 2 7 6 4
19 15 4 1 7 5 3 2 6 0 4
20 16 4 1 7 5 3 2 6 4 0
18 13 5 1 0 7 3 6 4 5 2
18 13 5 1 7 3 0 6 4 5 2
18 13 5 1 7 5 3 0 6 4 2
17 12 5 1 7 5 0 4 2 6 3
19 14 5 0 7 5 3 1 2 6 4
21 16 5 1 7 5 0 3 2 6 4
21 16 5 1 0 5 3 7 2 6 4
21 16 5 0 1 5 3 2 7 6 4
23 19 4 7 1 5 3 2 0 6 4
21 16 5 1 5 0 3 2 7 6 4
21 16 5 1 7 0 3 2 6 5 4
22 17 5 1 7 5 0 2 6 4 3
21 16 5 1 7 3 5 6 4 0 2
20 15 5 7 0 5 3 1 2 6 4
21 16 5 3 7 5 0 1 2 6 4
22 17 5 2 7 5 3 1 0 6 4
23 18 5 3 1 5 0 2 7 6 4
25 20 5 7 0 5 3 2 1 6 4
25 20 5 7 1 5 3 0 2 6 4
25 20 5 7 1 5 3 2 6 0 4
22 17 5 1 5 3 0 2 7 6 4
22 17 5 1 0 7 3 2 6 5 4
22 17 5 1 7 3 0 2 6 5 4
22 17 5 1 7 3 5 6 4 2 0
24 19 5 3 7 5 1 0 2 6 4
24 20 4 3 7 5 1 2 0 6 4
26 21 5 0 7 5 3 2 1 6 4
27 22 5 7 1 5 3 4 2 6 0
26 21 5 7 1 5 3 2 6 4 0
23 18 5 1 7 3 4 2 6 5 0
25 20 5 1 7 3 2 0 6 5 4
27 23 4 1 0 3 2 7 6 5 4
25 20 5 1 7 3 5 2 6 0 4
25 21 4 1 7 3 5 2 0 6 4
24 19 5 1 7 3 5 0 4 2 6
26 21 5 3 7 5 1 4 2 6 0
26 21 5 3 0 5 1 2 7 6 4
26 22 4 0 3 5 1 2 7 6 4
27 24 3 1 3 5 0 2 7 6 4
28 25 3 7 3 5 1 2 0 6 4
29 25 4 1 3 5 4 2 7 6 0
29 25 4 1 3 0 5 2 7 6 4
30 26 4 7 0 5 1 2 3 6 4
30 26 4 7 3 5 1 0 2 6 4
30 26 4 7 3 5 1 2 6 0 4
31 27 4 0 7 5 1 2 3 6 4
32 29 3 1 7 5 0 2 3 6 4
32 28 4 7 3 5 1 4 2 6 0
33 29 4 7 3 5 0 1 2 6 4
34 31 3 0 3 5 7 1 2 6 4
34 32 2 1 3 5 7 0 2 6 4
34 33 1 1 3 5 7 2 0 6 4
36 34 2 1 3 5 7 4 2 6 0
36 34 2 1 0 5 7 2 3 6 4
36 34 2 1 3 5 7 2 6 0 4
37 35 2 1 3 5 7 2 6 4 0
37 34 3 2 3 5 7 1 0 6 4
38 35 3 1 3 5 0 4 2 6 7
38 35 3 1 3 5 7 4 2 0 6
38 35 3 0 1 5 7 2 3 6 4
38 35 3 1 5 0 7 2 3 6 4
38 35 3 1 3 0 7 2 6 5 4
39 36 3 1 3 5 0 2 6 4 7
40 37 3 1 3 5 7 0 6 4 2
39 36 3 1 3 5 7 4 0 2 6
39 37 2 1 3 5 7 0 4 2 6
41 39 2 1 3 5 7 6 4 2 0
42 40 2 1 3 5 7 6 4 0 2
41 38 3 3 1 5 7 2 0 6 4
41 38 3 1 3 5 7 6 0 4 2
41 38 3 0 3 5 7 1 4 2 6
43 40 3 1 3 5 0 6 4 2 7
44 41 3 1 3 0 7 6 4 5 2
31 27 4 7 3 5 1 2 6 4 0
34 30 4 1 7 5 4 2 3 6 0
34 30 4 1 7 0 5 2 3 6 4
35 31 4 0 3 5 1 4 2 6 7
36 32 4 3 0 5 7 1 2 6 4
38 34 4 4 3 5 7 1 2 6 0
39 35 4 1 3 5 0 7 2 6 4
39 35 4 1 0 5 7 3 2 6 4
41 37 4 0 3 5 7 4 2 6 1
41 37 4 1 3 0 7 4 2 6 5
42 38 4 0 3 5 7 2 6 4 1
42 38 4 1 3 0 7 2 6 4 5
39 35 4 2 0 5 7 1 3 6 4
39 35 4 2 3 5 7 0 1 6 4
39 36 3 0 3 5 7 2 1 6 4
39 35 4 2 3 5 7 1 6 0 4
40 36 4 1 3 0 5 4 2 6 7
42 38 4 1 3 5 4 0 2 6 7
42 39 3 1 3 5 4 2 0 6 7
40 36 4 1 3 0 7 4 2 5 6
40 36 4 2 1 5 7 0 3 6 4
41 37 4 7 1 5 0 2 3 6 4
42 38 4 4 1 5 7 2 3 6 0
40 36 4 1 5 6 7 2 3 0 4
40 36 4 1 5 7 0 2 3 6 4
40 36 4 1 0 3 7 2 6 5 4
40 36 4 1 3 7 0 2 6 5 4
41 37 4 1 3 0 5 2 6 4 7
42 38 4 0 3 5 1 2 6 4 7
43 39 4 1 3 5 4 2 6 0 7
42 38 4 0 3 5 7 1 6 4 2
41 37 4 1 0 5 7 4 3 2 6
44 40 4 1 3 5 0 7 4 2 6
44 40 4 1 0 5 7 3 4 2 6
46 42 4 0 3 5 7 6 4 2 1
46 42 4 1 3 0 7 6 4 2 5
43 39 4 3 0 5 7 2 1 6 4
43 39 4 3 1 5 7 0 2 6 4
43 39 4 3 1 5 7 2 6 0 4
43 39 4 1 0 5 7 6 3 4 2
43 39 4 3 0 5 7 1 4 2 6
44 40 4 7 3 5 0 1 4 2 6
45 41 4 6 3 5 7 1 4 2 0
45 41 4 1 3 0 5 6 4 2 7
46 42 4 0 3 5 1 6 4 2 7
47 43 4 1 3 5 6 0 4 2 7
47 43 4 1 3 5 2 6 4 0 7
46 42 4 1 0 3 7 6 4 5 2
46 42 4 1 3 7 0 6 4 5 2
35 31 4 1 0 7 5 2 3 6 4
35 32 3 1 3 7 5 2 0 6 4
38 34 4 2 3 5 1 4 0 6 7
38 35 3 2 3 5 1 0 4 6 7
38 36 2 0 3 5 1 2 4 6 7
39 38 1 1 3 5 0 2 4 6 7
39 39 0 1 3 5 7 2 4 6 0
