11 0 11 3 0 5 1 4 7 2 6
9 1 8 0 3 5 1 4 7 2 6
10 3 7 1 3 5 0 4 7 2 6
12 4 8 1 3 5 6 4 7 2 0
12 4 8 1 3 0 5 4 7 2 6
14 6 8 1 3 5 4 0 7 2 6
16 8 8 1 3 5 4 6 7 2 0
19 11 8 1 3 0 4 6 7 2 5
19 12 7 1 3 2 4 6 7 0 5
19 13 6 1 3 2 4 6 0 7 5
17 14 3 1 3 2 4 0 6 7 5
18 16 2 1 3 2 4 5 6 7 0
20 17 3 1 3 2 0 5 6 7 4
20 17 3 1 3 2 4 5 6 0 7
22 19 3 0 3 2 4 5 6 7 1
23 19 4 1 3 0 4 5 6 7 2
23 20 3 1 0 3 4 5 6 7 2
24 21 3 0 1 3 4 5 6 7 2
26 24 2 2 1 3 4 5 6 7 0
28 25 3 2 1 3 0 5 6 7 4
28 25 3 2 1 3 4 5 6 0 7
29 26 3 2 1 3 4 0 6 7 5
22 18 4 1 3 0 2 5 6 7 4
22 19 3 1 0 3 2 5 6 7 4
23 19 4 0 3 2 1 5 6 7 4
24 20 4 1 3 2 5 0 6 7 4
22 18 4 1 3 0 4 5 6 2 7
22 19 3 1 0 3 4 5 6 2 7
22 18 4 1 3 2 4 5 0 6 7
25 21 4 1 6 3 4 5 0 7 2
31 27 4 2 1 0 4 5 6 7 3
30 26 4 2 1 0 3 5 6 7 4
31 27 4 0 1 3 2 5 6 7 4
32 28 4 2 1 3 5 0 6 7 4
30 26 4 2 1 0 4 5 6 3 7
30 26 4 2 1 3 4 5 0 6 7
24 20 4 1 6 3 2 5 0 7 4
24 20 4 1 6 3 4 5 0 2 7
24 21 3 1 6 3 4 5 2 0 7
24 22 2 1 6 3 4 5 2 7 0
26 23 3 1 6 3 0 5 2 7 4
27 24 3 1 6 3 4 0 2 7 5
28 25 3 0 6 3 4 5 2 7 1
24 20 4 0 1 3 4 5 6 2 7
26 22 4 1 6 0 4 5 2 3 7
29 25 4 1 6 0 4 5 2 7 3
28 24 4 1 6 0 3 5 2 7 4
29 25 4 0 6 3 1 5 2 7 4
30 26 4 1 6 3 5 0 2 7 4
20 15 5 0 3 2 4 1 6 7 5
22 18 4 5 3 2 4 1 6 7 0
25 20 5 1 3 2 7 5 6 0 4
25 20 5 5 3 2 4 0 6 7 1
25 20 5 1 3 7 4 5 6 0 2
25 21 4 1 3 7 4 5 6 2 0
25 20 5 1 3 4 0 5 6 7 2
25 21 4 1 3 4 2 5 6 7 0
27 22 5 5 1 3 4 0 6 7 2
28 24 4 5 1 3 4 2 6 7 0
28 23 5 4 1 3 0 5 6 7 2
33 28 5 2 1 3 7 5 6 0 4
32 27 5 0 1 3 4 2 6 7 5
34 29 5 2 0 3 4 1 6 7 5
33 30 3 0 2 3 4 1 6 7 5
32 31 1 1 2 3 4 0 6 7 5
33 33 0 1 2 3 4 5 6 7 0
