7 0 7 1 3 6 0 4 5 7 2
8 1 7 1 3 6 2 4 5 7 0
8 3 5 1 3 6 7 4 5 0 2
8 4 4 1 3 0 7 4 5 6 2
8 4 4 1 3 6 7 4 0 5 2
8 5 3 1 3 6 7 0 4 5 2
9 1 8 1 3 0 6 4 5 7 2
9 3 6 1 3 6 4 0 5 7 2
9 2 7 1 3 6 2 4 5 0 7
9 3 6 1 3 6 2 0 5 7 4
9 4 5 1 3 6 7 4 5 2 0
9 7 2 1 3 6 7 2 4 5 0
9 2 7 1 3 7 6 4 5 0 2
9 2 7 1 0 3 6 4 5 7 2
9 4 5 1 3 6 4 5 0 7 2
9 3 6 1 3 0 2 4 5 6 7
9 3 6 1 3 6 2 4 0 5 7
9 4 5 1 3 6 2 5 0 7 4
9 3 6 1 3 7 6 4 0 5 2
9 4 5 1 3 6 2 0 4 5 7
9 4 5 1 3 7 6 0 4 5 2
10 2 8 0 3 6 1 4 5 7 2
10 4 6 1 3 0 2 4 5 7 6
10 5 5 1 0 3 7 4 5 6 2
10 5 5 1 3 7 0 4 5 6 2
10 5 5 1 0 6 7 4 3 5 2
10 6 4 0 3 6 7 1 4 5 2
10 3 7 1 3 7 6 4 5 2 0
10 4 6 1 0 3 2 4 5 6 7
10 4 6 1 3 2 0 4 5 6 7
10 7 3 1 3 6 0 2 4 5 7
10 6 4 1 3 7 6 2 4 5 0
10 5 5 1 0 3 2 4 5 7 6
10 6 4 1 5 3 7 4 0 6 2
10 4 6 1 3 7 0 4 5 2 6
10 5 5 1 3 2 7 4 5 6 0
10 7 3 1 3 7 0 2 4 5 6
10 7 3 1 5 3 7 0 4 6 2
10 5 5 1 3 0 7 4 5 2 6
10 8 2 1 3 0 7 2 4 5 6
10 9 1 1 3 5 7 2 4 0 6
10 10 0 1 3 5 7 2 4 6 0
