8 0 8 1 3 6 0 4 5 7 2
9 1 8 1 3 6 2 4 5 7 0
10 3 7 1 3 6 4 0 5 7 2
10 3 7 1 3 6 7 4 5 0 2
10 3 7 1 3 6 2 0 5 7 4
10 4 6 1 3 6 4 5 0 7 2
10 4 6 1 3 0 7 4 5 6 2
10 4 6 1 3 6 7 4 0 5 2
8 5 3 1 3 6 7 0 4 5 2
9 7 2 1 3 6 7 2 4 5 0
10 4 6 1 3 6 7 4 5 2 0
10 4 6 1 3 6 2 5 0 7 4
11 1 10 1 3 0 6 4 5 7 2
11 2 9 0 3 6 1 4 5 7 2
11 2 9 1 3 6 2 4 5 0 7
11 4 7 0 3 6 4 1 5 7 2
11 5 6 1 3 6 4 2 5 7 0
11 6 5 0 3 6 7 1 4 5 2
11 8 3 1 3 6 7 2 4 0 5
11 2 9 1 3 7 6 4 5 0 2
11 3 8 1 3 0 2 4 5 6 7
10 4 6 1 3 2 0 4 5 6 7
11 3 8 1 3 6 2 4 0 5 7
8 4 4 1 3 6 2 0 4 5 7
10 7 3 1 3 6 0 2 4 5 7
11 9 2 1 3 0 7 2 4 6 5
11 3 8 1 3 7 6 4 0 5 2
9 4 5 1 3 7 6 0 4 5 2
10 6 4 1 3 7 6 2 4 5 0
10 7 3 1 3 7 0 2 4 5 6
10 8 2 1 3 0 7 2 4 5 6
10 9 1 1 3 5 7 2 4 0 6
10 10 0 1 3 5 7 2 4 6 0
