8 0 8 1 3 6 0 4 5 7 2
10 3 7 1 3 6 4 0 5 7 2
10 4 6 1 3 6 4 5 0 7 2
11 5 6 1 3 6 4 2 5 7 0
12 6 6 1 3 6 0 2 5 7 4
14 9 5 1 3 6 7 2 5 0 4
14 10 4 1 3 0 7 2 5 6 4
14 10 4 1 3 6 7 2 0 5 4
14 10 4 1 3 6 7 2 5 4 0
17 13 4 1 3 0 7 2 5 4 6
16 11 5 1 0 3 7 2 5 6 4
16 12 4 1 5 3 7 2 0 6 4
16 11 5 1 3 7 0 2 5 6 4
16 11 5 1 0 6 7 2 3 5 4
16 11 5 1 3 6 7 0 2 5 4
17 13 4 1 3 6 7 4 2 5 0
20 16 4 1 3 0 7 4 2 5 6
20 17 3 1 3 5 7 4 2 0 6
20 18 2 1 3 5 7 4 2 6 0
22 19 3 1 3 5 0 4 2 6 7
23 20 3 1 3 5 7 0 2 6 4
23 21 2 1 3 5 7 2 0 6 4
24 21 3 0 3 5 7 4 2 6 1
25 22 3 1 0 5 7 2 3 6 4
25 22 3 1 3 5 7 2 6 0 4
25 23 2 1 3 5 7 2 6 4 0
27 24 3 1 3 5 0 2 6 4 7
28 25 3 1 3 5 7 0 6 4 2
29 26 3 0 3 5 7 2 6 4 1
22 18 4 1 3 5 7 4 0 2 6
22 19 3 1 3 5 7 0 4 2 6
25 21 4 1 3 0 7 4 2 6 5
24 20 4 1 3 0 5 4 2 6 7
25 21 4 0 3 5 1 4 2 6 7
26 22 4 1 3 5 4 0 2 6 7
25 21 4 0 3 5 7 1 2 6 4
27 23 4 1 3 5 0 7 2 6 4
27 23 4 0 1 5 7 2 3 6 4
27 23 4 1 5 0 7 2 3 6 4
27 23 4 1 3 0 7 2 6 5 4
30 26 4 1 3 0 7 2 6 4 5
29 25 4 1 3 0 5 2 6 4 7
30 26 4 0 3 5 1 2 6 4 7
31 27 4 1 3 5 2 0 6 4 7
24 20 4 0 3 5 7 1 4 2 6
25 21 4 1 3 5 7 6 4 2 0
26 22 4 1 3 5 0 7 4 2 6
27 23 4 1 3 5 4 2 0 6 7
28 24 4 4 3 5 7 1 2 6 0
28 24 4 2 3 5 7 1 0 6 4
30 26 4 4 1 5 7 2 3 6 0
30 26 4 3 1 5 7 2 0 6 4
16 11 5 1 3 6 0 2 5 4 7
17 12 5 1 3 6 7 0 5 4 2
18 13 5 0 3 6 7 2 5 4 1
19 14 5 1 3 4 7 2 5 0 6
19 15 4 1 3 4 7 2 0 5 6
19 15 4 1 3 4 7 2 5 6 0
19 14 5 1 0 3 7 2 5 4 6
19 15 4 1 5 3 7 2 0 4 6
19 16 3 1 5 3 7 2 4 0 6
19 17 2 1 5 3 7 2 4 6 0
21 18 3 1 5 3 0 2 4 6 7
22 19 3 1 5 3 7 0 4 6 2
23 20 3 0 5 3 7 2 4 6 1
21 17 4 1 5 0 7 2 4 3 6
21 18 3 1 0 5 7 2 4 3 6
24 20 4 1 5 0 7 2 4 6 3
24 21 3 1 0 5 7 2 4 6 3
25 22 3 0 1 5 7 2 4 6 3
27 25 2 3 1 5 7 2 4 6 0
29 26 3 3 1 5 0 2 4 6 7
29 26 3 3 1 5 7 2 4 0 6
30 27 3 3 1 5 7 0 4 6 2
23 19 4 1 5 0 3 2 4 6 7
23 20 3 1 0 5 3 2 4 6 7
24 20 4 0 5 3 1 2 4 6 7
25 21 4 1 5 3 2 0 4 6 7
23 19 4 1 4 5 7 2 0 3 6
23 20 3 1 4 5 7 2 3 0 6
23 21 2 1 4 5 7 2 3 6 0
25 22 3 1 4 5 0 2 3 6 7
26 23 3 1 4 5 7 0 3 6 2
27 24 3 0 4 5 7 2 3 6 1
23 19 4 0 1 5 7 2 4 3 6
26 22 4 1 4 5 7 2 0 6 3
32 28 4 3 1 0 7 2 4 6 5
31 27 4 3 1 0 5 2 4 6 7
32 28 4 0 1 5 3 2 4 6 7
33 29 4 3 1 5 2 0 4 6 7
31 27 4 3 1 0 7 2 4 5 6
31 27 4 3 1 5 7 2 0 4 6
25 21 4 1 4 5 3 2 0 6 7
25 21 4 1 4 0 7 2 3 5 6
28 24 4 1 4 0 7 2 3 6 5
27 23 4 1 4 0 5 2 3 6 7
28 24 4 0 4 5 1 2 3 6 7
29 25 4 1 4 5 2 0 3 6 7
19 14 5 1 3 7 0 2 5 4 6
18 13 5 1 5 3 7 0 2 6 4
19 15 4 1 5 3 7 4 2 6 0
18 13 5 1 5 3 7 2 6 0 4
18 14 4 1 5 3 7 2 6 4 0
19 14 5 1 3 6 0 4 2 5 7
19 14 5 1 3 6 7 4 2 0 5
21 16 5 0 3 6 7 4 2 5 1
22 17 5 1 0 3 7 4 2 5 6
22 17 5 1 3 7 0 4 2 5 6
27 22 5 1 3 5 6 4 2 0 7
28 23 5 1 0 5 7 3 2 6 4
27 22 5 4 3 5 7 0 2 6 1
32 27 5 1 3 5 4 2 6 0 7
31 26 5 0 3 5 7 1 6 4 2
33 29 4 2 3 5 7 1 6 4 0
32 27 5 2 3 5 7 0 6 4 1
24 19 5 1 0 5 7 4 3 2 6
27 22 5 1 0 5 7 3 4 2 6
27 22 5 1 0 3 7 4 2 6 5
27 22 5 1 3 7 0 4 2 6 5
27 23 4 1 3 7 5 4 2 6 0
26 21 5 1 3 6 5 4 2 0 7
26 21 5 1 0 3 5 4 2 6 7
27 22 5 3 0 5 7 1 2 6 4
28 23 5 7 3 5 0 1 2 6 4
29 24 5 2 1 5 7 0 3 6 4
30 26 4 2 1 5 7 4 3 6 0
30 25 5 7 1 5 0 2 3 6 4
29 24 5 1 5 6 7 2 3 0 4
29 25 4 1 5 6 7 2 3 4 0
32 28 4 1 5 0 7 2 3 4 6
32 29 3 1 0 5 7 2 3 4 6
32 30 2 1 3 5 7 2 0 4 6
32 31 1 1 3 5 7 2 4 0 6
32 32 0 1 3 5 7 2 4 6 0
