8 0 8 2 6 4 3 0 5 1 7
8 1 7 2 6 4 3 5 0 1 7
8 2 6 2 0 4 3 5 6 1 7
8 3 5 0 2 4 3 5 6 1 7
10 5 5 3 2 4 0 5 6 1 7
10 6 4 3 2 0 4 5 6 1 7
10 7 3 3 2 1 4 5 6 0 7
10 8 2 3 2 1 4 5 6 7 0
12 9 3 3 2 1 0 5 6 7 4
13 10 3 3 2 1 4 0 6 7 5
14 11 3 0 2 1 4 5 6 7 3
14 11 3 3 2 0 4 5 6 7 1
13 10 3 3 2 0 1 5 6 7 4
14 11 3 0 2 1 3 5 6 7 4
17 14 3 4 2 1 3 5 6 7 0
12 8 4 3 2 4 1 5 6 0 7
12 9 3 3 2 4 1 5 6 7 0
12 8 4 3 2 1 4 5 0 6 7
15 11 4 0 2 1 4 3 6 7 5
15 11 4 3 2 1 4 6 0 7 5
16 12 4 5 2 1 4 0 6 7 3
16 12 4 2 0 1 4 5 6 7 3
17 13 4 4 2 1 0 5 6 7 3
16 12 4 3 2 7 4 5 6 0 1
16 12 4 3 0 2 4 5 6 7 1
16 12 4 3 2 4 0 5 6 7 1
15 11 4 3 2 7 1 5 6 0 4
15 11 4 3 0 2 1 5 6 7 4
16 12 4 5 2 1 3 0 6 7 4
16 12 4 2 0 1 3 5 6 7 4
19 15 4 4 2 1 3 5 6 0 7
20 16 4 4 2 1 3 0 6 7 5
21 17 4 4 2 0 3 5 6 7 1
21 18 3 4 2 3 0 5 6 7 1
21 19 2 4 2 3 1 5 6 7 0
22 20 2 0 2 3 4 5 6 7 1
23 23 0 1 2 3 4 5 6 7 0
