9 0 9 2 6 4 3 0 5 1 7
9 1 8 2 6 4 3 5 0 1 7
9 2 7 2 0 4 3 5 6 1 7
9 3 6 0 2 4 3 5 6 1 7
9 2 7 2 6 4 3 5 1 0 7
9 3 6 2 6 4 3 5 1 7 0
12 6 6 0 6 4 3 5 1 7 2
12 6 6 2 6 0 3 5 1 7 4
12 7 5 2 6 3 0 5 1 7 4
12 8 4 2 6 3 4 5 1 7 0
15 11 4 0 6 3 4 5 1 7 2
18 14 4 1 6 3 4 5 0 7 2
18 15 3 1 0 3 4 5 6 7 2
19 16 3 0 1 3 4 5 6 7 2
21 19 2 2 1 3 4 5 6 7 0
23 20 3 2 1 3 0 5 6 7 4
23 20 3 2 1 3 4 5 6 0 7
24 21 3 2 1 3 4 0 6 7 5
20 16 4 1 3 0 4 5 6 7 2
26 22 4 2 1 0 4 5 6 7 3
25 21 4 2 1 0 3 5 6 7 4
26 22 4 0 1 3 2 5 6 7 4
26 23 3 1 0 3 2 5 6 7 4
27 23 4 2 1 3 5 0 6 7 4
25 21 4 2 1 0 4 5 6 3 7
25 21 4 2 1 3 4 5 0 6 7
28 24 4 1 6 3 2 5 0 7 4
28 24 4 1 3 0 2 5 6 7 4
28 25 3 1 3 2 0 5 6 7 4
28 26 2 1 3 2 4 5 6 7 0
30 27 3 1 3 2 4 5 6 0 7
31 28 3 1 3 2 4 0 6 7 5
32 29 3 0 3 2 4 5 6 7 1
31 27 4 0 3 2 1 5 6 7 4
32 28 4 1 3 2 5 0 6 7 4
32 28 4 1 3 0 4 5 6 2 7
32 29 3 1 0 3 4 5 6 2 7
32 28 4 1 3 2 4 5 0 6 7
34 30 4 1 6 3 4 5 0 2 7
34 31 3 1 6 3 4 5 2 0 7
34 32 2 1 6 3 4 5 2 7 0
36 33 3 1 6 3 0 5 2 7 4
37 34 3 1 6 3 4 0 2 7 5
38 35 3 0 6 3 4 5 2 7 1
34 30 4 0 1 3 4 5 6 2 7
36 32 4 1 6 0 4 5 2 3 7
39 35 4 1 6 0 4 5 2 7 3
38 34 4 1 6 0 3 5 2 7 4
39 35 4 0 6 3 1 5 2 7 4
40 36 4 1 6 3 5 0 2 7 4
14 9 5 0 6 3 2 5 1 7 4
14 9 5 2 6 3 4 5 1 0 7
15 10 5 2 6 3 4 0 1 7 5
20 15 5 1 6 3 4 0 5 7 2
21 17 4 1 6 3 4 2 5 7 0
20 15 5 1 6 3 4 5 7 0 2
20 16 4 1 6 3 4 5 7 2 0
22 17 5 5 1 3 4 0 6 7 2
23 19 4 5 1 3 4 2 6 7 0
23 18 5 4 1 3 0 5 6 7 2
28 23 5 2 1 3 7 5 6 0 4
27 22 5 0 1 3 4 2 6 7 5
29 24 5 2 0 3 4 1 6 7 5
28 25 3 0 2 3 4 1 6 7 5
27 26 1 1 2 3 4 0 6 7 5
28 28 0 1 2 3 4 5 6 7 0
