7 0 7 2 1 7 0 5 3 6 4
7 1 6 2 1 7 4 5 3 6 0
10 4 6 2 1 0 4 5 3 6 7
10 3 7 2 1 7 5 0 3 6 4
10 4 6 0 1 7 5 2 3 6 4
10 5 5 1 0 7 5 2 3 6 4
10 6 4 1 3 7 5 2 0 6 4
12 7 5 1 3 7 5 0 2 6 4
13 9 4 1 3 7 5 4 2 6 0
16 12 4 1 3 0 5 4 2 6 7
16 13 3 1 3 5 0 4 2 6 7
16 14 2 1 3 5 7 4 2 6 0
18 15 3 1 3 5 7 4 2 0 6
19 16 3 1 3 5 7 0 2 6 4
19 17 2 1 3 5 7 2 0 6 4
20 17 3 0 3 5 7 4 2 6 1
21 18 3 1 0 5 7 2 3 6 4
21 18 3 1 3 5 7 2 6 0 4
21 19 2 1 3 5 7 2 6 4 0
23 20 3 1 3 5 0 2 6 4 7
24 21 3 1 3 5 7 0 6 4 2
25 22 3 0 3 5 7 2 6 4 1
19 15 4 0 3 5 1 4 2 6 7
20 16 4 1 3 5 4 0 2 6 7
21 17 4 1 3 0 7 4 2 6 5
20 16 4 1 3 0 7 4 2 5 6
20 16 4 1 3 5 7 4 0 2 6
20 17 3 1 3 5 7 0 4 2 6
21 17 4 0 3 5 7 1 2 6 4
23 19 4 1 3 5 0 7 2 6 4
23 19 4 0 1 5 7 2 3 6 4
23 19 4 1 5 0 7 2 3 6 4
23 19 4 1 3 0 7 2 6 5 4
26 22 4 1 3 0 7 2 6 4 5
25 21 4 1 3 0 5 2 6 4 7
26 22 4 0 3 5 1 2 6 4 7
27 23 4 1 3 5 2 0 6 4 7
21 17 4 1 3 5 4 2 0 6 7
22 18 4 0 3 5 7 1 4 2 6
23 19 4 1 3 5 7 6 4 2 0
24 20 4 1 3 5 0 7 4 2 6
24 20 4 4 3 5 7 1 2 6 0
24 20 4 2 3 5 7 1 0 6 4
26 22 4 4 1 5 7 2 3 6 0
26 22 4 3 1 5 7 2 0 6 4
12 7 5 1 3 7 5 2 6 0 4
12 8 4 1 3 7 5 2 6 4 0
15 10 5 1 3 7 0 5 2 6 4
15 11 4 1 3 7 4 5 2 6 0
18 14 4 1 3 0 4 5 2 6 7
18 15 3 1 0 3 4 5 2 6 7
18 16 2 1 2 3 4 5 0 6 7
18 17 1 1 2 3 4 5 6 0 7
18 18 0 1 2 3 4 5 6 7 0
