7 0 7 2 1 7 0 5 3 6 4
7 1 6 2 1 7 4 5 3 6 0
7 1 6 2 1 0 7 5 3 6 4
9 3 6 2 1 7 5 0 3 6 4
9 4 5 0 1 7 5 2 3 6 4
9 5 4 1 0 7 5 2 3 6 4
9 6 3 1 3 7 5 2 0 6 4
10 6 4 1 7 0 5 2 3 6 4
10 7 3 1 7 5 0 2 3 6 4
11 7 4 1 3 7 5 0 2 6 4
11 7 4 1 3 7 5 2 6 0 4
12 8 4 1 7 5 4 2 3 6 0
13 9 4 0 7 5 1 2 3 6 4
13 9 4 1 3 7 5 4 2 6 0
12 8 4 1 3 7 5 2 6 4 0
14 10 4 7 0 5 1 2 3 6 4
14 11 3 7 3 5 1 2 0 6 4
16 12 4 3 7 5 1 2 0 6 4
16 12 4 1 3 0 5 4 2 6 7
16 13 3 1 3 5 0 4 2 6 7
16 14 2 1 3 5 7 4 2 6 0
18 16 2 1 3 5 7 0 2 6 4
18 17 1 1 3 5 7 2 0 6 4
20 18 2 1 0 5 7 2 3 6 4
20 18 2 1 3 5 7 2 6 0 4
21 19 2 1 3 5 7 2 6 4 0
18 15 3 1 3 5 7 4 2 0 6
20 17 3 0 3 5 7 1 2 6 4
22 19 3 0 1 5 7 2 3 6 4
22 19 3 1 5 0 7 2 3 6 4
22 19 3 1 3 0 7 2 6 5 4
23 20 3 1 3 5 0 2 6 4 7
24 21 3 1 3 5 7 0 6 4 2
19 16 3 1 3 5 7 4 0 2 6
19 17 2 1 3 5 7 0 4 2 6
21 19 2 1 3 5 7 6 4 2 0
22 20 2 1 3 5 7 6 4 0 2
23 20 3 2 3 5 7 1 0 6 4
25 22 3 3 1 5 7 2 0 6 4
25 22 3 1 3 5 7 6 0 4 2
21 18 3 0 3 5 7 1 4 2 6
23 20 3 1 3 5 0 6 4 2 7
24 21 3 1 3 0 7 6 4 5 2
15 11 4 1 3 0 5 2 6 4 7
16 12 4 7 3 5 1 0 2 6 4
16 12 4 7 3 5 1 2 6 0 4
19 15 4 0 3 5 1 4 2 6 7
20 16 4 1 3 5 4 0 2 6 7
20 17 3 1 3 5 4 2 0 6 7
21 17 4 0 3 5 7 4 2 6 1
21 17 4 1 3 0 7 4 2 6 5
23 19 4 1 3 5 0 7 2 6 4
23 19 4 1 0 5 7 3 2 6 4
26 22 4 0 3 5 7 2 6 4 1
26 22 4 1 3 0 7 2 6 4 5
20 16 4 1 3 0 7 4 2 5 6
22 18 4 3 0 5 7 1 2 6 4
23 19 4 7 3 5 0 1 2 6 4
24 20 4 4 3 5 7 1 2 6 0
24 20 4 2 1 5 7 0 3 6 4
25 21 4 7 1 5 0 2 3 6 4
26 22 4 4 1 5 7 2 3 6 0
24 20 4 1 5 6 7 2 3 0 4
24 20 4 1 5 7 0 2 3 6 4
24 20 4 1 0 3 7 2 6 5 4
24 20 4 1 3 7 0 2 6 5 4
26 22 4 0 3 5 1 2 6 4 7
27 23 4 1 3 5 4 2 6 0 7
26 22 4 0 3 5 7 1 6 4 2
21 17 4 1 0 5 7 4 3 2 6
24 20 4 1 3 5 0 7 4 2 6
24 20 4 1 0 5 7 3 4 2 6
26 22 4 0 3 5 7 6 4 2 1
26 22 4 1 3 0 7 6 4 2 5
25 21 4 2 0 5 7 1 3 6 4
25 21 4 2 3 5 7 0 1 6 4
25 22 3 0 3 5 7 2 1 6 4
25 21 4 2 3 5 7 1 6 0 4
27 23 4 3 0 5 7 2 1 6 4
27 23 4 3 1 5 7 0 2 6 4
27 23 4 3 1 5 7 2 6 0 4
27 23 4 1 0 5 7 6 3 4 2
23 19 4 3 0 5 7 1 4 2 6
24 20 4 7 3 5 0 1 4 2 6
25 21 4 6 3 5 7 1 4 2 0
25 21 4 1 3 0 5 6 4 2 7
26 22 4 0 3 5 1 6 4 2 7
27 23 4 1 3 5 6 0 4 2 7
27 23 4 1 3 5 2 6 4 0 7
26 22 4 1 0 3 7 6 4 5 2
26 22 4 1 3 7 0 6 4 5 2
18 14 4 7 3 5 1 4 2 6 0
17 13 4 7 3 5 1 2 6 4 0
22 18 4 2 3 5 1 4 0 6 7
22 19 3 2 3 5 1 0 4 6 7
22 20 2 0 3 5 1 2 4 6 7
23 22 1 1 3 5 0 2 4 6 7
23 23 0 1 3 5 7 2 4 6 0
