8 0 8 5 6 1 0 4 2 3 7
10 3 7 5 6 1 4 0 2 3 7
10 4 6 0 6 1 4 5 2 3 7
11 1 10 5 6 1 7 4 2 3 0
12 2 10 0 6 1 5 4 2 3 7
12 4 8 5 6 1 4 2 0 3 7
12 5 7 6 0 1 4 5 2 3 7
12 3 9 5 6 1 7 0 2 3 4
12 5 7 5 0 1 4 2 6 3 7
12 6 6 6 2 1 4 5 0 3 7
12 6 6 6 1 0 4 5 2 3 7
12 4 8 0 6 1 7 5 2 3 4
12 6 6 5 1 0 4 2 6 3 7
12 7 5 6 1 3 4 5 2 0 7
12 7 5 5 1 3 4 2 6 0 7
12 8 4 6 1 3 4 5 2 7 0
12 8 4 5 1 3 4 2 6 7 0
13 1 12 5 6 0 1 4 2 3 7
13 5 8 5 6 1 4 7 2 3 0
13 6 7 5 0 1 4 6 2 3 7
13 7 6 2 6 1 4 5 0 3 7
13 2 11 5 6 1 7 4 2 0 3
13 3 10 4 6 1 5 0 2 3 7
13 2 11 5 6 3 1 4 2 0 7
11 3 8 5 6 3 1 4 2 7 0
11 5 6 5 6 3 1 0 2 7 4
10 6 4 0 6 3 1 5 2 7 4
11 8 3 1 6 3 0 5 2 7 4
11 9 2 1 6 3 4 5 2 7 0
12 4 8 5 6 3 0 4 2 7 1
12 7 5 5 6 3 4 0 2 7 1
11 8 3 0 6 3 4 5 2 7 1
13 2 11 5 0 6 1 4 2 3 7
11 3 8 0 5 6 1 4 2 3 7
12 5 7 1 5 6 0 4 2 3 7
12 6 6 1 5 6 7 4 2 3 0
13 7 6 5 2 1 4 6 0 3 7
13 7 6 5 1 0 4 6 2 3 7
13 8 5 2 0 1 4 5 6 3 7
13 6 7 4 6 1 0 5 2 3 7
13 8 5 5 6 3 0 1 2 7 4
13 9 4 1 6 0 3 5 2 7 4
13 10 3 1 6 3 4 5 2 0 7
13 9 4 5 6 3 4 1 2 7 0
13 8 5 5 2 1 4 0 6 3 7
13 8 5 5 1 3 4 6 2 0 7
13 9 4 0 2 1 4 5 6 3 7
13 9 4 2 1 0 4 5 6 3 7
13 9 4 5 1 3 4 6 2 7 0
13 10 3 2 1 3 4 5 6 0 7
13 11 2 2 1 3 4 5 6 7 0
14 3 11 5 6 1 3 4 2 0 7
12 4 8 5 6 1 3 4 2 7 0
13 5 8 5 6 1 0 4 2 7 3
13 6 7 5 6 1 3 0 2 7 4
13 7 6 0 6 1 3 5 2 7 4
14 7 7 7 6 1 4 5 2 3 0
14 4 10 0 6 1 7 4 2 3 5
14 3 11 6 0 1 5 4 2 3 7
14 5 9 5 6 1 4 2 3 0 7
14 4 10 5 6 1 7 2 0 3 4
14 6 8 0 5 1 4 2 6 3 7
13 7 6 2 5 1 4 0 6 3 7
14 7 7 6 2 1 4 0 5 3 7
14 7 7 6 2 1 4 5 3 0 7
14 7 7 6 1 4 0 5 2 3 7
14 5 9 6 0 1 7 5 2 3 4
14 7 7 5 1 4 0 2 6 3 7
14 8 6 6 1 3 4 5 0 2 7
14 8 6 5 1 3 4 2 0 6 7
14 9 5 6 1 3 0 5 2 7 4
14 9 5 5 1 3 0 2 6 7 4
14 4 10 4 6 1 5 2 0 3 7
14 6 8 5 6 3 1 2 0 7 4
14 7 7 6 0 3 1 5 2 7 4
14 11 3 1 6 3 4 0 2 7 5
14 4 10 4 5 6 1 0 2 3 7
14 6 8 1 5 0 6 4 2 3 7
14 8 6 1 5 6 4 0 2 3 7
14 7 7 1 5 6 7 4 2 0 3
14 4 10 6 1 0 5 4 2 3 7
14 6 8 5 6 1 4 2 3 7 0
14 5 9 5 0 1 7 2 6 3 4
14 5 9 5 6 1 7 2 3 0 4
14 8 6 0 2 1 4 6 5 3 7
14 8 6 6 2 1 4 5 3 7 0
14 6 8 6 2 1 7 5 0 3 4
14 6 8 6 1 0 7 5 2 3 4
14 9 5 5 1 3 4 0 2 6 7
14 5 9 4 0 1 5 2 6 3 7
14 5 9 4 6 1 5 2 3 0 7
14 7 7 5 0 3 1 2 6 7 4
14 8 6 6 2 3 1 5 0 7 4
14 7 7 1 5 3 6 4 2 0 7
14 7 7 1 0 5 6 4 2 3 7
14 8 6 1 5 0 7 4 2 6 3
14 5 9 6 1 3 5 4 2 0 7
14 5 9 6 1 5 0 4 2 3 7
13 6 7 6 1 5 7 4 2 3 0
14 6 8 0 5 1 7 2 6 3 4
14 6 8 5 1 0 7 2 6 3 4
14 6 8 5 6 1 7 2 3 4 0
14 7 7 6 1 3 7 5 2 0 4
14 7 7 6 1 7 0 5 2 3 4
14 10 4 0 1 3 4 5 2 6 7
14 6 8 0 4 1 5 2 6 3 7
14 6 8 4 1 0 5 2 6 3 7
14 8 6 0 5 3 1 2 6 7 4
14 9 5 1 0 5 7 4 2 6 3
14 7 7 5 1 3 7 2 6 0 4
14 7 7 5 1 7 0 2 6 3 4
14 8 6 6 1 7 4 5 2 3 0
14 11 3 1 0 3 4 5 2 6 7
14 7 7 4 1 3 5 2 6 0 7
14 7 7 4 1 5 0 2 6 3 7
14 9 5 2 5 3 1 0 6 7 4
14 8 6 5 1 3 7 2 0 6 4
14 8 6 5 1 3 7 2 6 4 0
14 8 6 5 1 7 4 2 6 3 0
14 12 2 1 2 3 4 5 0 6 7
14 8 6 4 1 3 5 2 0 6 7
14 8 6 4 1 5 7 2 6 3 0
14 13 1 1 2 3 4 5 6 0 7
14 14 0 1 2 3 4 5 6 7 0
