8 0 8 5 6 1 0 4 2 3 7
10 3 7 5 6 1 4 0 2 3 7
10 4 6 0 6 1 4 5 2 3 7
13 7 6 2 6 1 4 5 0 3 7
13 8 5 2 0 1 4 5 6 3 7
13 9 4 0 2 1 4 5 6 3 7
13 9 4 2 1 0 4 5 6 3 7
13 10 3 2 1 3 4 5 6 0 7
13 11 2 2 1 3 4 5 6 7 0
15 12 3 2 1 3 0 5 6 7 4
16 13 3 2 1 3 4 0 6 7 5
17 14 3 0 1 3 4 5 6 7 2
18 15 3 1 0 3 4 5 6 7 2
15 11 4 2 1 3 4 5 0 6 7
18 14 4 2 1 0 4 5 6 7 3
17 13 4 2 1 0 3 5 6 7 4
18 14 4 0 1 3 2 5 6 7 4
18 15 3 1 0 3 2 5 6 7 4
19 15 4 2 1 3 5 0 6 7 4
20 16 4 1 6 3 4 5 0 7 2
20 16 4 1 3 0 4 5 6 7 2
20 16 4 1 6 3 2 5 0 7 4
20 16 4 1 3 0 2 5 6 7 4
20 17 3 1 3 2 0 5 6 7 4
20 18 2 1 3 2 4 5 6 7 0
22 19 3 1 3 2 4 5 6 0 7
23 20 3 1 3 2 4 0 6 7 5
24 21 3 0 3 2 4 5 6 7 1
23 19 4 0 3 2 1 5 6 7 4
24 20 4 1 3 2 5 0 6 7 4
24 20 4 1 3 0 4 5 6 2 7
24 21 3 1 0 3 4 5 6 2 7
24 20 4 1 3 2 4 5 0 6 7
26 22 4 1 6 3 4 5 0 2 7
26 23 3 1 6 3 4 5 2 0 7
26 24 2 1 6 3 4 5 2 7 0
28 25 3 1 6 3 0 5 2 7 4
29 26 3 1 6 3 4 0 2 7 5
30 27 3 0 6 3 4 5 2 7 1
26 22 4 0 1 3 4 5 6 2 7
28 24 4 1 6 0 4 5 2 3 7
31 27 4 1 6 0 4 5 2 7 3
30 26 4 1 6 0 3 5 2 7 4
31 27 4 0 6 3 1 5 2 7 4
32 28 4 1 6 3 5 0 2 7 4
15 10 5 5 2 1 4 0 6 3 7
16 11 5 4 2 1 0 5 6 3 7
17 12 5 7 2 1 4 5 6 3 0
15 10 5 2 1 4 0 5 6 3 7
20 15 5 2 1 3 7 5 6 0 4
19 14 5 0 1 3 4 2 6 7 5
21 17 4 5 1 3 4 2 6 7 0
21 16 5 2 0 3 4 1 6 7 5
20 17 3 0 2 3 4 1 6 7 5
19 18 1 1 2 3 4 0 6 7 5
20 20 0 1 2 3 4 5 6 7 0
