12 0 12 6 5 1 0 3 4 7 2
13 2 11 0 5 1 6 3 4 7 2
12 3 9 3 5 1 6 0 4 7 2
13 5 8 3 5 1 6 2 4 7 0
12 6 6 3 5 1 0 2 4 7 6
13 6 7 3 5 1 6 2 4 0 7
14 1 13 6 5 1 2 3 4 7 0
14 3 11 6 5 1 3 0 4 7 2
14 3 11 6 5 1 7 3 4 0 2
13 4 9 6 5 1 7 3 4 2 0
14 9 5 3 5 1 7 2 4 0 6
14 4 10 0 5 1 2 3 4 7 6
13 5 8 3 5 1 2 0 4 7 6
14 5 9 6 5 1 3 2 4 7 0
14 10 4 3 5 1 7 2 4 6 0
15 1 14 6 5 0 1 3 4 7 2
15 5 10 2 5 1 6 3 4 7 0
14 6 8 2 5 1 0 3 4 7 6
15 7 8 3 5 0 1 2 4 7 6
15 7 8 3 5 0 6 2 4 1 7
15 7 8 3 5 1 6 2 0 4 7
15 2 13 6 5 1 2 3 4 0 7
15 3 12 6 5 1 2 0 4 7 3
15 4 11 0 5 1 3 6 4 7 2
15 7 8 0 5 1 7 3 4 2 6
15 6 9 6 5 1 3 2 4 0 7
15 2 13 6 5 7 1 3 4 0 2
14 3 11 6 5 7 1 3 4 2 0
14 6 8 0 5 7 1 3 4 2 6
15 2 13 6 0 5 1 3 4 7 2
12 3 9 0 6 5 1 3 4 7 2
12 4 8 3 6 5 1 0 4 7 2
13 5 8 1 6 5 0 3 4 7 2
14 6 8 3 6 5 1 2 4 7 0
14 7 7 3 6 5 1 2 4 0 7
15 6 9 2 5 1 6 3 4 0 7
15 8 7 3 5 7 1 2 4 0 6
15 8 7 3 0 5 1 2 4 7 6
13 9 4 0 3 5 1 2 4 7 6
13 11 2 1 3 5 0 2 4 7 6
15 8 7 3 0 5 6 2 4 1 7
15 8 7 3 5 6 0 2 4 1 7
15 4 11 0 5 1 2 6 4 7 3
15 8 7 3 5 1 7 0 4 2 6
15 7 8 3 5 7 1 0 4 2 6
15 8 7 1 5 7 0 3 4 2 6
15 7 8 3 6 5 0 1 4 7 2
15 8 7 1 6 5 3 0 4 7 2
15 8 7 1 6 5 7 3 4 0 2
15 7 8 3 6 5 0 2 4 7 1
15 9 6 3 5 7 1 2 4 6 0
15 14 1 1 3 5 7 2 4 0 6
15 9 6 0 3 5 6 2 4 1 7
15 9 6 3 5 6 7 2 4 1 0
15 9 6 1 5 0 7 3 4 2 6
15 9 6 1 6 5 7 3 4 2 0
15 15 0 1 3 5 7 2 4 6 0
