12 0 12 6 5 1 0 3 4 7 2
13 2 11 0 5 1 6 3 4 7 2
12 3 9 3 5 1 6 0 4 7 2
13 5 8 3 5 1 6 2 4 7 0
12 6 6 3 5 1 0 2 4 7 6
14 9 5 3 5 1 7 2 4 0 6
14 10 4 3 5 1 7 2 4 6 0
16 11 5 3 5 1 0 2 4 6 7
17 12 5 3 5 1 7 0 4 6 2
18 13 5 0 5 1 7 2 4 6 3
16 10 6 3 5 0 7 2 4 1 6
16 11 5 3 0 5 7 2 4 1 6
16 12 4 0 3 5 7 2 4 1 6
18 13 5 2 3 5 7 0 4 1 6
19 14 5 7 3 5 0 2 4 1 6
20 15 5 6 3 5 7 2 4 1 0
16 10 6 3 5 1 7 2 0 4 6
19 13 6 3 5 0 7 2 4 6 1
19 14 5 3 0 5 7 2 4 6 1
16 15 1 0 3 5 7 2 4 6 1
18 18 0 1 3 5 7 2 4 6 0
