9 0 9 6 5 1 0 3 4 7 2
10 3 7 6 5 1 7 3 4 0 2
11 4 7 6 5 1 7 3 4 2 0
13 7 6 0 5 1 7 3 4 2 6
13 8 5 3 5 1 7 0 4 2 6
15 10 5 3 5 1 7 6 4 2 0
16 11 5 3 5 1 7 6 4 0 2
14 8 6 5 0 1 7 3 4 2 6
15 9 6 3 5 1 7 4 0 2 6
17 11 6 3 0 1 7 5 4 2 6
17 12 5 0 3 1 7 5 4 2 6
17 13 4 5 3 1 7 0 4 2 6
19 15 4 5 3 1 7 6 4 2 0
20 16 4 5 3 1 7 6 4 0 2
19 14 5 5 3 1 7 4 0 2 6
21 16 5 5 3 1 0 6 4 2 7
23 18 5 0 3 1 7 6 4 2 5
23 18 5 5 3 0 7 6 4 2 1
22 17 5 5 3 0 7 6 4 1 2
22 17 5 5 3 1 7 6 0 4 2
20 15 5 5 3 1 7 4 2 0 6
20 16 4 5 3 1 7 4 2 6 0
22 18 4 5 3 1 7 0 2 6 4
22 19 3 5 3 1 7 2 0 6 4
24 20 4 5 0 1 7 2 3 6 4
24 20 4 5 3 1 7 2 6 0 4
25 21 4 0 5 1 7 2 3 6 4
25 21 4 5 1 0 7 2 3 6 4
25 21 4 5 3 1 7 2 6 4 0
28 24 4 3 5 1 7 2 0 6 4
22 17 5 5 3 0 1 6 4 2 7
23 18 5 0 3 1 5 6 4 2 7
23 18 5 5 3 1 7 0 6 4 2
22 17 5 5 3 1 0 4 2 6 7
24 19 5 0 3 1 7 4 2 6 5
24 19 5 5 3 0 7 4 2 6 1
24 19 5 0 3 1 7 5 2 6 4
26 21 5 5 3 0 7 2 6 1 4
27 22 5 2 5 1 7 0 3 6 4
28 23 5 7 5 1 0 2 3 6 4
29 24 5 4 5 1 7 2 3 6 0
27 22 5 5 1 6 7 2 3 0 4
27 22 5 5 1 7 0 2 3 6 4
27 22 5 5 3 1 0 2 6 4 7
29 24 5 0 3 1 7 2 6 4 5
29 24 5 5 3 0 7 2 6 4 1
30 25 5 3 0 1 7 2 5 6 4
30 26 4 0 3 1 7 2 5 6 4
30 25 5 3 5 1 7 0 2 6 4
30 25 5 3 5 1 7 2 6 0 4
26 21 5 7 3 1 5 6 4 2 0
23 18 5 5 3 0 1 4 2 6 7
24 19 5 0 3 1 5 4 2 6 7
27 22 5 2 3 1 7 4 0 6 5
27 23 4 2 3 1 7 0 4 6 5
27 24 3 0 3 1 7 2 4 6 5
29 27 2 5 3 1 7 2 4 6 0
31 28 3 5 3 1 0 2 4 6 7
31 28 3 5 3 1 7 2 4 0 6
32 29 3 5 3 1 7 0 4 6 2
33 30 3 5 3 0 7 2 4 6 1
32 29 3 5 3 0 1 2 4 6 7
33 30 3 0 3 1 5 2 4 6 7
36 33 3 7 3 1 5 2 4 6 0
29 25 4 2 3 1 7 5 4 6 0
29 25 4 3 0 1 7 2 4 6 5
30 26 4 7 3 1 0 2 4 6 5
33 29 4 5 3 0 7 2 4 1 6
33 29 4 5 3 1 7 2 0 4 6
34 30 4 0 3 1 7 5 4 6 2
34 30 4 5 3 1 7 4 0 6 2
35 31 4 5 3 6 7 2 4 0 1
35 31 4 5 0 3 7 2 4 6 1
35 31 4 5 3 7 0 2 4 6 1
35 32 3 5 3 7 1 2 4 6 0
34 30 4 5 3 6 1 2 4 0 7
34 30 4 5 0 3 1 2 4 6 7
35 31 4 2 3 1 5 0 4 6 7
35 31 4 3 0 1 5 2 4 6 7
38 34 4 7 3 1 5 2 4 0 6
39 35 4 7 3 1 5 0 4 6 2
40 36 4 7 3 0 5 2 4 6 1
40 37 3 7 3 5 0 2 4 6 1
40 38 2 7 3 5 1 2 4 6 0
41 39 2 0 3 5 7 2 4 6 1
42 42 0 1 3 5 7 2 4 6 0
