11 0 11 3 7 2 6 5 1 0 4
13 1 12 3 7 0 6 5 1 2 4
13 1 12 3 7 2 6 5 0 1 4
13 1 12 3 7 2 6 5 1 4 0
12 2 10 3 7 2 0 5 1 4 6
13 2 11 3 0 7 6 5 1 2 4
12 3 9 0 3 7 6 5 1 2 4
13 2 11 3 7 6 0 5 1 2 4
13 2 11 3 0 2 6 5 7 1 4
13 4 9 0 7 2 3 5 1 4 6
13 3 10 3 1 7 6 5 0 2 4
13 3 10 3 7 6 4 5 1 2 0
13 4 9 0 7 6 3 5 1 2 4
13 3 10 0 3 2 6 5 7 1 4
13 3 10 3 2 0 6 5 7 1 4
13 4 9 3 1 7 6 5 2 0 4
13 4 9 3 2 1 6 5 7 0 4
13 4 9 3 2 6 0 5 7 1 4
13 5 8 3 1 0 6 5 2 7 4
13 5 8 3 2 1 6 5 0 7 4
13 5 8 3 2 6 4 5 7 1 0
13 6 7 3 1 6 0 5 2 7 4
13 7 6 3 1 6 4 5 2 7 0
14 2 12 3 7 2 6 0 5 1 4
14 5 9 3 7 2 4 5 1 0 6
14 4 10 5 3 7 6 0 1 2 4
14 5 9 6 3 7 0 5 1 2 4
14 6 8 1 3 7 6 5 0 2 4
14 4 10 3 1 7 6 0 5 2 4
14 4 10 5 3 2 6 0 7 1 4
14 5 9 6 3 2 0 5 7 1 4
14 6 8 0 2 6 3 5 7 1 4
14 6 8 3 2 1 6 0 5 7 4
14 8 6 0 1 6 3 5 2 7 4
14 6 8 3 7 2 4 5 1 6 0
14 6 8 6 3 7 4 5 1 2 0
14 7 7 1 3 7 6 5 2 0 4
14 6 8 6 3 2 4 5 7 1 0
14 9 5 1 0 6 3 5 2 7 4
14 8 6 1 3 0 6 5 2 7 4
14 10 4 1 2 6 3 5 0 7 4
14 10 4 1 6 0 3 5 2 7 4
14 9 5 1 0 3 6 5 2 7 4
14 9 5 1 3 6 0 5 2 7 4
14 11 3 1 6 3 0 5 2 7 4
14 10 4 1 2 3 6 5 0 7 4
14 10 4 1 3 6 4 5 2 7 0
14 12 2 1 6 3 4 5 2 7 0
15 3 12 3 7 2 6 0 1 4 5
15 4 11 0 7 2 6 5 1 4 3
15 3 12 3 7 0 2 5 1 4 6
15 7 8 1 7 2 3 5 0 4 6
15 4 11 3 7 6 4 5 1 0 2
15 6 9 0 7 6 4 5 1 2 3
15 7 8 1 7 6 3 5 0 2 4
15 5 10 3 1 7 6 5 2 4 0
14 6 8 3 1 7 0 5 2 4 6
15 5 10 3 2 1 6 5 7 4 0
14 6 8 3 2 1 0 5 7 4 6
15 6 9 3 0 1 6 5 2 7 4
15 6 9 3 2 6 4 5 7 0 1
15 8 7 3 1 6 4 5 2 0 7
15 5 10 5 3 7 6 1 0 2 4
15 7 8 1 3 7 6 0 5 2 4
15 11 4 1 2 3 6 0 5 7 4
15 4 11 3 7 4 2 5 1 0 6
15 4 11 3 0 7 2 5 1 4 6
14 5 9 0 3 7 2 5 1 4 6
14 6 8 5 3 7 2 0 1 4 6
15 8 7 1 0 2 3 5 7 4 6
15 5 10 3 7 0 4 5 1 6 2
15 8 7 1 0 6 3 5 7 2 4
15 8 7 1 7 6 3 5 2 0 4
15 7 8 3 1 0 7 5 2 4 6
15 7 8 0 3 1 6 5 2 7 4
15 7 8 3 2 0 4 5 7 6 1
15 7 8 3 2 6 4 5 0 7 1
15 9 6 3 1 0 4 5 2 6 7
15 6 9 5 3 7 6 1 2 0 4
15 5 10 3 7 4 2 5 1 6 0
15 5 10 3 1 7 2 5 0 4 6
14 6 8 3 1 7 2 0 5 4 6
15 7 8 2 3 7 0 5 1 4 6
15 9 6 1 2 0 3 5 7 4 6
14 10 4 1 2 3 0 5 7 4 6
15 6 9 3 0 7 4 5 1 6 2
13 7 6 0 3 7 4 5 1 6 2
15 9 6 1 6 0 3 5 7 2 4
15 9 6 1 7 0 3 5 2 6 4
15 8 7 3 2 6 4 0 5 7 1
15 7 8 5 3 0 6 1 2 7 4
15 7 8 5 3 7 6 1 2 4 0
15 10 5 1 2 4 3 5 7 0 6
15 7 8 3 1 7 4 5 0 6 2
15 10 5 1 6 2 3 5 7 0 4
15 10 5 1 6 3 0 5 7 2 4
15 10 5 1 0 7 3 5 2 6 4
15 10 5 1 7 3 0 5 2 6 4
15 8 7 5 0 3 6 1 2 7 4
15 8 7 5 3 6 0 1 2 7 4
15 8 7 5 3 7 0 1 2 4 6
15 11 4 1 2 4 3 5 0 7 6
15 11 4 1 2 4 3 5 7 6 0
15 8 7 3 1 7 4 5 6 0 2
15 11 4 1 6 2 3 5 0 7 4
15 11 4 1 6 3 4 5 7 2 0
15 11 4 1 2 7 3 5 0 6 4
15 11 4 1 7 3 4 5 2 6 0
15 9 6 5 2 3 6 1 0 7 4
15 9 6 5 3 6 4 1 2 7 0
15 9 6 5 3 0 7 1 2 4 6
15 9 6 3 1 0 4 5 6 7 2
15 9 6 3 1 7 4 5 6 2 0
15 12 3 1 0 2 3 5 6 7 4
15 12 3 1 2 7 3 5 6 0 4
15 13 2 1 2 0 3 5 6 7 4
15 14 1 1 2 3 0 5 6 7 4
15 15 0 1 2 3 4 5 6 7 0
