9 0 9 3 7 2 6 5 1 0 4
10 1 9 3 7 2 6 5 0 1 4
10 2 8 3 0 2 6 5 7 1 4
10 3 7 3 2 0 6 5 7 1 4
10 4 6 3 2 1 6 5 7 0 4
10 5 5 3 2 1 6 5 0 7 4
12 6 6 3 0 1 6 5 2 7 4
12 6 6 3 2 1 6 0 5 7 4
14 9 5 3 2 1 0 6 5 7 4
14 10 4 3 2 1 4 6 5 7 0
16 12 4 3 2 1 4 0 5 7 6
16 13 3 3 2 1 4 5 0 7 6
18 14 4 3 0 1 4 5 2 7 6
18 14 4 3 2 1 4 5 7 0 6
19 15 4 0 3 1 4 5 2 7 6
19 15 4 3 1 0 4 5 2 7 6
19 15 4 3 2 1 4 5 7 6 0
22 18 4 2 3 1 4 5 0 7 6
15 10 5 3 2 0 1 6 5 7 4
16 11 5 0 2 1 3 6 5 7 4
16 11 5 3 2 1 4 6 5 0 7
18 13 5 0 2 1 4 6 5 7 3
18 13 5 3 2 0 4 6 5 7 1
18 13 5 0 2 1 4 3 5 7 6
20 15 5 3 2 0 4 5 7 1 6
21 16 5 5 3 1 4 0 2 7 6
22 17 5 4 3 1 0 5 2 7 6
23 18 5 6 3 1 4 5 2 7 0
21 16 5 3 1 7 4 5 2 0 6
21 16 5 3 1 4 0 5 2 7 6
21 16 5 3 2 1 0 5 7 6 4
22 17 5 3 2 1 4 0 7 6 5
23 18 5 0 2 1 4 5 7 6 3
23 18 5 3 2 0 4 5 7 6 1
24 19 5 2 0 1 4 5 3 7 6
24 20 4 0 2 1 4 5 3 7 6
24 19 5 2 3 1 4 0 5 7 6
24 19 5 2 3 1 4 5 7 0 6
19 14 5 4 2 1 3 6 5 7 0
19 14 5 5 2 1 3 6 0 7 4
19 15 4 5 2 1 3 0 6 7 4
19 16 3 0 2 1 3 5 6 7 4
21 18 3 3 2 1 0 5 6 7 4
21 19 2 3 2 1 4 5 6 7 0
22 19 3 4 2 1 3 5 6 7 0
22 19 3 3 2 0 1 5 6 7 4
23 20 3 3 2 1 4 5 6 0 7
24 21 3 3 2 1 4 0 6 7 5
25 22 3 0 2 1 4 5 6 7 3
25 22 3 3 2 0 4 5 6 7 1
21 17 4 2 0 1 3 5 6 7 4
24 20 4 4 2 1 0 5 6 7 3
24 20 4 4 2 1 3 5 6 0 7
25 21 4 4 2 1 3 0 6 7 5
26 22 4 4 2 0 3 5 6 7 1
26 23 3 4 2 3 0 5 6 7 1
26 24 2 4 2 3 1 5 6 7 0
27 25 2 0 2 3 4 5 6 7 1
28 28 0 1 2 3 4 5 6 7 0
