7 0 7 5 3 2 4 6 7 0 1
7 1 6 5 3 2 4 6 0 7 1
7 2 5 5 3 2 4 0 6 7 1
7 3 4 0 3 2 4 5 6 7 1
8 6 2 1 3 2 4 5 6 7 0
10 7 3 1 3 2 0 5 6 7 4
10 7 3 1 3 2 4 5 6 0 7
11 8 3 1 3 2 4 0 6 7 5
12 9 3 1 3 0 4 5 6 7 2
12 10 2 1 0 3 4 5 6 7 2
11 8 3 1 3 0 2 5 6 7 4
11 9 2 1 0 3 2 5 6 7 4
14 11 3 1 6 3 4 5 0 7 2
14 11 3 0 1 3 4 5 6 7 2
16 14 2 2 1 3 4 5 6 7 0
13 10 3 1 6 3 2 5 0 7 4
13 10 3 0 1 3 2 5 6 7 4
18 15 3 2 1 3 0 5 6 7 4
18 15 3 2 1 3 4 5 6 0 7
19 16 3 2 1 3 4 0 6 7 5
16 13 3 4 1 3 2 5 6 7 0
22 19 3 2 0 3 4 1 6 7 5
22 20 2 0 2 3 4 1 6 7 5
22 21 1 1 2 3 4 0 6 7 5
23 23 0 1 2 3 4 5 6 7 0
