9 0 9 5 3 2 4 6 7 0 1
9 1 8 5 3 2 4 6 0 7 1
7 2 5 5 3 2 4 0 6 7 1
6 3 3 0 3 2 4 5 6 7 1
8 6 2 1 3 2 4 5 6 7 0
10 7 3 1 3 2 0 5 6 7 4
10 7 3 1 3 2 4 5 6 0 7
11 8 3 1 3 2 4 0 6 7 5
8 4 4 5 3 2 4 1 6 7 0
13 9 4 1 3 0 4 5 6 7 2
13 10 3 1 0 3 4 5 6 7 2
14 11 3 0 1 3 4 5 6 7 2
16 14 2 2 1 3 4 5 6 7 0
18 15 3 2 1 3 0 5 6 7 4
18 15 3 2 1 3 4 5 6 0 7
19 16 3 2 1 3 4 0 6 7 5
12 8 4 1 3 0 2 5 6 7 4
12 9 3 1 0 3 2 5 6 7 4
13 9 4 0 3 2 1 5 6 7 4
14 10 4 1 3 2 5 0 6 7 4
12 8 4 1 3 0 4 5 6 2 7
12 9 3 1 0 3 4 5 6 2 7
12 8 4 1 3 2 4 5 0 6 7
15 11 4 1 6 3 4 5 0 7 2
21 17 4 2 1 0 4 5 6 7 3
20 16 4 2 1 0 3 5 6 7 4
21 17 4 0 1 3 2 5 6 7 4
22 18 4 2 1 3 5 0 6 7 4
20 16 4 2 1 0 4 5 6 3 7
20 16 4 2 1 3 4 5 0 6 7
14 10 4 1 6 3 2 5 0 7 4
14 10 4 1 6 3 4 5 0 2 7
14 11 3 1 6 3 4 5 2 0 7
14 12 2 1 6 3 4 5 2 7 0
16 13 3 1 6 3 0 5 2 7 4
17 14 3 1 6 3 4 0 2 7 5
18 15 3 0 6 3 4 5 2 7 1
14 10 4 0 1 3 4 5 6 2 7
16 12 4 1 6 0 4 5 2 3 7
19 15 4 1 6 0 4 5 2 7 3
18 14 4 1 6 0 3 5 2 7 4
19 15 4 0 6 3 1 5 2 7 4
20 16 4 1 6 3 5 0 2 7 4
15 10 5 1 3 2 7 5 6 0 4
14 9 5 0 3 2 4 1 6 7 5
10 5 5 5 3 2 0 1 6 7 4
10 5 5 5 3 2 4 1 6 0 7
15 10 5 1 3 7 4 5 6 0 2
15 11 4 1 3 7 4 5 6 2 0
15 10 5 1 3 4 0 5 6 7 2
15 11 4 1 3 4 2 5 6 7 0
17 12 5 5 1 3 4 0 6 7 2
18 14 4 5 1 3 4 2 6 7 0
18 13 5 4 1 3 0 5 6 7 2
23 18 5 2 1 3 7 5 6 0 4
22 17 5 0 1 3 4 2 6 7 5
24 19 5 2 0 3 4 1 6 7 5
23 20 3 0 2 3 4 1 6 7 5
22 21 1 1 2 3 4 0 6 7 5
23 23 0 1 2 3 4 5 6 7 0
