11 0 11 7 3 1 0 6 5 4 2
11 2 9 0 3 1 7 6 5 4 2
13 5 8 2 3 1 7 6 5 4 0
14 7 7 2 3 1 7 0 5 4 6
14 8 6 0 3 1 7 2 5 4 6
17 11 6 5 3 1 7 2 0 4 6
17 12 5 5 3 1 7 2 4 0 6
17 13 4 5 3 1 7 2 4 6 0
20 16 4 0 3 1 7 2 4 6 5
19 14 5 5 3 1 0 2 4 6 7
20 16 4 0 3 1 5 2 4 6 7
20 15 5 5 3 1 7 0 4 6 2
22 17 5 2 3 1 7 0 4 6 5
22 17 5 3 0 1 7 2 4 6 5
22 18 4 3 1 0 7 2 4 6 5
23 18 5 7 3 1 0 2 4 6 5
22 17 5 2 3 1 5 0 4 6 7
22 17 5 3 0 1 5 2 4 6 7
22 18 4 3 1 0 5 2 4 6 7
22 19 3 3 1 5 0 2 4 6 7
22 20 2 3 1 5 7 2 4 6 0
24 21 3 3 1 5 7 2 4 0 6
25 22 3 3 1 5 7 0 4 6 2
26 23 3 0 1 5 7 2 4 6 3
27 24 3 1 0 5 7 2 4 6 3
25 21 4 0 1 5 3 2 4 6 7
25 22 3 1 0 5 3 2 4 6 7
26 22 4 3 1 5 2 0 4 6 7
26 22 4 3 1 0 7 2 4 5 6
26 22 4 3 1 5 7 2 0 4 6
29 25 4 1 4 5 7 2 0 6 3
29 25 4 1 5 0 7 2 4 6 3
27 23 4 1 4 5 3 2 0 6 7
27 23 4 1 5 0 3 2 4 6 7
27 24 3 1 5 3 0 2 4 6 7
27 25 2 1 5 3 7 2 4 6 0
29 26 3 1 5 3 7 2 4 0 6
30 27 3 1 5 3 7 0 4 6 2
31 28 3 0 5 3 7 2 4 6 1
30 26 4 0 5 3 1 2 4 6 7
31 27 4 1 5 3 2 0 4 6 7
31 27 4 1 5 0 7 2 4 3 6
31 28 3 1 0 5 7 2 4 3 6
31 27 4 1 5 3 7 2 0 4 6
33 29 4 1 4 5 7 2 0 3 6
33 30 3 1 4 5 7 2 3 0 6
33 31 2 1 4 5 7 2 3 6 0
35 32 3 1 4 5 0 2 3 6 7
36 33 3 1 4 5 7 0 3 6 2
37 34 3 0 4 5 7 2 3 6 1
33 29 4 0 1 5 7 2 4 3 6
35 31 4 1 4 0 7 2 3 5 6
38 34 4 1 4 0 7 2 3 6 5
37 33 4 1 4 0 5 2 3 6 7
38 34 4 0 4 5 1 2 3 6 7
39 35 4 1 4 5 2 0 3 6 7
24 19 5 7 3 1 5 2 4 6 0
24 19 5 3 1 6 7 2 4 0 5
24 20 4 3 1 6 7 2 4 5 0
24 19 5 3 1 7 0 2 4 6 5
24 20 4 3 1 7 5 2 4 6 0
24 19 5 3 1 6 5 2 4 0 7
27 22 5 3 1 5 6 2 4 0 7
28 23 5 0 1 5 7 3 4 6 2
30 26 4 2 1 5 7 3 4 6 0
30 25 5 3 0 5 7 1 4 6 2
29 26 3 0 3 5 7 1 4 6 2
28 27 1 1 3 5 7 0 4 6 2
29 29 0 1 3 5 7 2 4 6 0
