7 0 7 7 3 1 0 6 5 4 2
8 2 6 0 3 1 7 6 5 4 2
10 5 5 5 3 1 7 6 0 4 2
10 6 4 5 3 1 7 6 4 0 2
11 7 4 5 3 1 7 6 4 2 0
13 9 4 5 3 1 7 0 4 2 6
11 6 5 5 3 1 7 0 6 4 2
12 8 4 5 3 1 7 2 6 4 0
13 9 4 5 3 1 7 2 6 0 4
13 10 3 5 3 1 7 2 0 6 4
15 11 4 5 0 1 7 2 3 6 4
15 11 4 5 3 1 7 0 2 6 4
16 12 4 0 5 1 7 2 3 6 4
16 12 4 5 1 0 7 2 3 6 4
17 13 4 5 3 1 7 4 2 6 0
19 15 4 3 5 1 7 2 0 6 4
12 7 5 5 3 0 7 6 4 1 2
13 8 5 5 3 1 0 6 4 2 7
15 10 5 0 3 1 7 6 4 2 5
15 10 5 5 3 0 7 6 4 2 1
15 10 5 0 3 1 7 5 4 2 6
15 10 5 5 3 1 7 4 0 2 6
14 9 5 5 3 1 0 2 6 4 7
16 11 5 0 3 1 7 2 6 4 5
16 11 5 5 3 0 7 2 6 4 1
15 10 5 5 3 0 7 2 6 1 4
17 12 5 0 3 1 7 5 2 6 4
18 13 5 2 5 1 7 0 3 6 4
19 14 5 7 5 1 0 2 3 6 4
20 15 5 4 5 1 7 2 3 6 0
18 13 5 5 1 6 7 2 3 0 4
18 13 5 5 1 7 0 2 3 6 4
19 14 5 5 3 1 0 4 2 6 7
19 14 5 5 3 1 7 4 2 0 6
21 16 5 0 3 1 7 4 2 6 5
21 16 5 5 3 0 7 4 2 6 1
21 16 5 3 0 1 7 2 5 6 4
21 17 4 0 3 1 7 2 5 6 4
21 16 5 3 5 1 7 0 2 6 4
21 16 5 3 5 1 7 2 6 0 4
14 9 5 5 3 0 1 6 4 2 7
15 10 5 0 3 1 5 6 4 2 7
15 10 5 5 3 0 1 2 6 4 7
16 11 5 0 3 1 5 2 6 4 7
20 15 5 2 3 1 7 5 0 6 4
20 15 5 2 5 1 7 4 3 6 0
20 15 5 7 5 0 1 2 3 6 4
20 16 4 7 0 5 1 2 3 6 4
20 17 3 7 3 5 1 2 0 6 4
21 17 4 0 7 5 1 2 3 6 4
22 19 3 1 7 5 0 2 3 6 4
22 18 4 7 3 5 1 0 2 6 4
22 18 4 7 3 5 1 2 6 0 4
24 20 4 3 7 5 1 2 0 6 4
24 20 4 1 7 5 4 2 3 6 0
24 20 4 1 7 0 5 2 3 6 4
24 20 4 7 3 5 1 4 2 6 0
25 21 4 7 3 5 0 1 2 6 4
26 23 3 0 3 5 7 1 2 6 4
26 24 2 1 3 5 7 0 2 6 4
26 25 1 1 3 5 7 2 0 6 4
28 26 2 1 3 5 7 4 2 6 0
28 26 2 1 0 5 7 2 3 6 4
28 26 2 1 3 5 7 2 6 0 4
29 27 2 1 3 5 7 2 6 4 0
29 26 3 2 3 5 7 1 0 6 4
30 27 3 1 3 5 0 4 2 6 7
30 27 3 1 3 5 7 4 2 0 6
30 27 3 0 1 5 7 2 3 6 4
30 27 3 1 5 0 7 2 3 6 4
30 27 3 1 3 0 7 2 6 5 4
31 28 3 1 3 5 0 2 6 4 7
32 29 3 1 3 5 7 0 6 4 2
31 28 3 1 3 5 7 4 0 2 6
31 29 2 1 3 5 7 0 4 2 6
33 31 2 1 3 5 7 6 4 2 0
34 32 2 1 3 5 7 6 4 0 2
33 30 3 3 1 5 7 2 0 6 4
33 30 3 1 3 5 7 6 0 4 2
33 30 3 0 3 5 7 1 4 2 6
35 32 3 1 3 5 0 6 4 2 7
36 33 3 1 3 0 7 6 4 5 2
23 19 4 7 3 5 1 2 6 4 0
25 21 4 1 0 7 5 2 3 6 4
25 22 3 1 3 7 5 2 0 6 4
27 23 4 0 3 5 1 4 2 6 7
28 24 4 3 0 5 7 1 2 6 4
30 26 4 4 3 5 7 1 2 6 0
31 27 4 1 3 5 0 7 2 6 4
31 27 4 1 0 5 7 3 2 6 4
33 29 4 0 3 5 7 4 2 6 1
33 29 4 1 3 0 7 4 2 6 5
34 30 4 0 3 5 7 2 6 4 1
34 30 4 1 3 0 7 2 6 4 5
31 27 4 2 0 5 7 1 3 6 4
31 27 4 2 3 5 7 0 1 6 4
31 28 3 0 3 5 7 2 1 6 4
31 27 4 2 3 5 7 1 6 0 4
32 28 4 1 3 0 5 4 2 6 7
34 30 4 1 3 5 4 0 2 6 7
34 31 3 1 3 5 4 2 0 6 7
32 28 4 1 3 0 7 4 2 5 6
32 28 4 2 1 5 7 0 3 6 4
33 29 4 7 1 5 0 2 3 6 4
34 30 4 4 1 5 7 2 3 6 0
32 28 4 1 5 6 7 2 3 0 4
32 28 4 1 5 7 0 2 3 6 4
32 28 4 1 0 3 7 2 6 5 4
32 28 4 1 3 7 0 2 6 5 4
33 29 4 1 3 0 5 2 6 4 7
34 30 4 0 3 5 1 2 6 4 7
35 31 4 1 3 5 4 2 6 0 7
34 30 4 0 3 5 7 1 6 4 2
33 29 4 1 0 5 7 4 3 2 6
36 32 4 1 3 5 0 7 4 2 6
36 32 4 1 0 5 7 3 4 2 6
38 34 4 0 3 5 7 6 4 2 1
38 34 4 1 3 0 7 6 4 2 5
35 31 4 3 0 5 7 2 1 6 4
35 31 4 3 1 5 7 0 2 6 4
35 31 4 3 1 5 7 2 6 0 4
35 31 4 1 0 5 7 6 3 4 2
35 31 4 3 0 5 7 1 4 2 6
36 32 4 7 3 5 0 1 4 2 6
37 33 4 6 3 5 7 1 4 2 0
37 33 4 1 3 0 5 6 4 2 7
38 34 4 0 3 5 1 6 4 2 7
39 35 4 1 3 5 6 0 4 2 7
39 35 4 1 3 5 2 6 4 0 7
38 34 4 1 0 3 7 6 4 5 2
38 34 4 1 3 7 0 6 4 5 2
27 23 4 1 3 7 5 0 2 6 4
27 23 4 1 3 7 5 2 6 0 4
30 26 4 2 3 5 1 4 0 6 7
30 27 3 2 3 5 1 0 4 6 7
30 28 2 0 3 5 1 2 4 6 7
31 30 1 1 3 5 0 2 4 6 7
31 31 0 1 3 5 7 2 4 6 0
