11 0 11 3 4 7 0 5 6 2 1
9 2 7 0 4 7 3 5 6 2 1
11 1 10 3 4 7 1 5 6 2 0
11 5 6 1 4 7 3 5 6 2 0
12 3 9 3 4 7 5 0 6 2 1
12 3 9 5 4 7 3 0 6 2 1
12 4 8 0 4 7 1 5 6 2 3
13 1 12 3 4 0 7 5 6 2 1
13 2 11 3 4 7 1 5 6 0 2
13 3 10 3 4 7 1 0 6 2 5
13 6 7 1 4 7 0 5 6 2 3
13 6 7 1 4 7 3 5 6 0 2
13 4 9 0 4 7 5 3 6 2 1
13 5 8 3 4 7 5 1 6 2 0
13 5 8 5 4 7 3 1 6 2 0
13 2 11 3 4 2 7 5 6 0 1
13 2 11 3 0 4 7 5 6 2 1
10 3 7 0 3 4 7 5 6 2 1
12 6 6 1 3 4 7 5 6 2 0
12 7 5 1 3 4 0 5 6 2 7
12 8 4 1 3 0 4 5 6 2 7
12 9 3 1 3 2 4 5 6 0 7
12 9 3 1 0 3 4 5 6 2 7
12 10 2 1 3 2 4 5 6 7 0
13 3 10 3 4 0 1 5 6 7 2
13 7 6 1 4 0 3 5 6 7 2
13 3 10 3 4 2 7 5 6 1 0
13 4 9 5 3 4 7 0 6 2 1
13 4 9 3 0 4 1 5 6 7 2
10 5 5 0 3 4 1 5 6 7 2
12 7 5 1 3 4 0 5 6 7 2
12 8 4 1 3 4 2 5 6 7 0
12 8 4 1 3 0 4 5 6 7 2
12 9 3 1 0 3 4 5 6 7 2
13 4 9 3 4 1 0 5 6 7 2
13 8 5 1 0 4 3 5 6 7 2
13 8 5 1 4 3 0 5 6 7 2
13 4 9 3 4 2 0 5 6 1 7
13 10 3 0 1 3 4 5 6 7 2
13 5 8 3 4 1 2 5 6 7 0
13 6 7 0 4 1 3 5 6 7 2
13 9 4 1 4 3 2 5 6 7 0
14 3 11 3 4 7 2 5 6 0 1
14 3 11 4 0 7 3 5 6 2 1
14 4 10 3 4 0 1 5 6 2 7
14 7 7 1 4 7 3 0 6 2 5
14 8 6 1 4 0 3 5 6 2 7
14 4 10 0 4 7 1 3 6 2 5
14 7 7 1 3 4 7 5 6 0 2
14 10 4 1 3 2 4 5 0 6 7
14 10 4 1 6 3 4 5 0 2 7
14 10 4 0 1 3 4 5 6 2 7
14 11 3 1 3 2 0 5 6 7 4
14 6 8 5 3 4 7 1 6 2 0
14 6 8 5 3 4 1 0 6 7 2
14 8 6 2 3 4 1 5 6 7 0
14 9 5 1 3 4 2 5 6 0 7
14 9 5 1 3 7 4 5 6 0 2
14 10 4 1 6 3 4 5 0 7 2
14 9 5 0 1 4 3 5 6 7 2
14 6 8 0 4 2 3 5 6 1 7
14 4 10 3 4 0 2 5 6 7 1
14 4 10 3 4 7 2 5 6 1 0
14 5 9 3 4 2 1 5 6 0 7
14 5 9 3 0 4 1 5 6 2 7
12 6 6 0 3 4 1 5 6 2 7
14 5 9 3 4 1 0 5 6 2 7
14 9 5 1 4 2 3 5 6 0 7
14 9 5 1 0 4 3 5 6 2 7
14 9 5 1 4 3 0 5 6 2 7
14 11 3 1 6 3 4 5 2 0 7
14 7 7 5 3 4 0 1 6 2 7
14 10 4 1 3 7 4 5 6 2 0
14 5 9 3 0 4 2 5 6 7 1
11 6 5 0 3 4 2 5 6 7 1
14 5 9 3 4 2 0 5 6 7 1
12 7 5 0 4 2 3 5 6 7 1
14 6 8 3 4 2 1 5 6 7 0
14 10 4 1 4 2 3 5 6 7 0
14 12 2 1 6 3 4 5 2 7 0
14 8 6 5 3 0 4 1 6 2 7
14 7 7 5 3 4 2 0 6 7 1
14 9 5 5 3 2 4 1 6 0 7
14 9 5 5 0 3 4 1 6 2 7
14 10 4 5 3 2 4 1 6 7 0
15 5 10 5 4 7 1 0 6 2 3
15 3 12 3 4 7 1 5 0 6 2
12 4 8 3 4 7 1 0 5 6 2
14 5 9 0 4 7 1 3 5 6 2
14 6 8 3 4 7 1 2 5 6 0
15 6 9 3 4 7 0 1 6 2 5
15 7 8 1 4 0 7 5 6 2 3
15 7 8 1 4 7 3 5 0 6 2
15 6 9 3 4 7 5 1 6 0 2
15 6 9 5 4 7 0 1 6 2 3
15 6 9 5 4 7 3 1 6 0 2
15 3 12 3 4 2 7 5 0 6 1
13 4 9 3 4 2 7 0 5 6 1
14 5 9 0 4 2 7 3 5 6 1
14 6 8 3 4 2 7 1 5 6 0
15 3 12 3 6 4 7 5 0 2 1
15 8 7 1 3 4 7 0 6 2 5
15 9 6 1 3 0 7 5 6 2 4
15 12 3 1 3 2 4 0 6 7 5
15 5 10 3 6 4 1 5 0 7 2
15 10 5 1 3 4 2 0 6 7 5
15 11 4 1 3 0 2 5 6 7 4
15 9 6 1 6 4 3 5 0 7 2
15 10 5 0 4 3 1 5 6 7 2
15 5 10 3 4 0 2 5 6 1 7
15 13 2 2 1 3 4 5 6 7 0
15 6 9 3 4 1 2 5 6 0 7
15 9 6 2 4 1 3 5 6 7 0
15 10 5 1 4 3 2 5 6 0 7
15 6 9 1 4 7 0 3 6 2 5
15 7 8 5 3 4 1 0 6 2 7
15 7 8 0 4 1 3 5 6 2 7
15 8 7 2 3 4 0 5 6 7 1
15 8 7 5 4 2 3 0 6 7 1
15 9 6 0 4 2 1 5 6 7 3
15 9 6 5 3 4 2 1 6 7 0
15 4 11 3 0 7 1 5 4 6 2
12 5 7 0 3 7 1 5 4 6 2
12 6 6 5 3 7 1 0 4 6 2
13 7 6 1 3 7 0 5 4 6 2
14 8 6 5 3 7 1 2 4 6 0
14 8 6 1 3 0 7 5 4 6 2
15 7 8 3 4 0 7 1 6 2 5
15 8 7 1 4 2 7 5 6 0 3
15 8 7 1 0 4 7 5 6 2 3
15 8 7 1 4 7 3 0 5 6 2
15 7 8 3 4 7 5 1 0 6 2
15 7 8 5 4 0 3 1 6 7 2
15 4 11 3 0 2 7 5 4 6 1
12 5 7 0 3 2 7 5 4 6 1
13 6 7 5 3 2 7 0 4 6 1
14 8 6 1 3 2 7 5 4 6 0
14 8 6 5 3 2 7 1 4 6 0
15 4 11 3 6 4 7 0 5 2 1
15 4 11 3 6 4 7 5 2 0 1
15 10 5 1 3 2 7 5 6 0 4
15 10 5 1 0 3 7 5 6 2 4
15 10 5 1 3 7 0 5 6 2 4
15 12 3 1 0 3 2 5 6 7 4
15 6 9 3 0 4 2 5 6 1 7
15 7 8 1 4 7 5 3 6 2 0
15 7 8 1 4 0 7 3 6 2 5
15 9 6 2 3 0 4 5 6 7 1
15 11 4 0 3 7 1 2 4 6 5
15 9 6 1 4 2 7 5 6 3 0
15 8 7 3 0 7 5 1 4 6 2
14 9 5 0 3 7 5 1 4 6 2
13 10 3 1 3 7 5 0 4 6 2
14 12 2 1 3 7 5 2 4 6 0
15 8 7 3 4 7 5 0 1 6 2
15 8 7 5 0 4 3 1 6 7 2
15 8 7 5 4 3 0 1 6 7 2
15 5 10 3 2 0 7 5 4 6 1
15 9 6 1 3 2 0 5 4 6 7
15 10 5 1 3 2 7 0 4 6 5
15 5 10 3 6 4 7 5 2 1 0
15 7 8 0 3 4 2 5 6 1 7
15 10 5 2 0 3 4 5 6 7 1
12 11 1 0 2 3 4 5 6 7 1
14 14 0 1 2 3 4 5 6 7 0
