11 0 11 3 4 7 0 5 6 2 1
9 2 7 0 4 7 3 5 6 2 1
11 5 6 1 4 7 3 5 6 2 0
14 8 6 1 4 0 3 5 6 2 7
14 9 5 1 4 2 3 5 6 0 7
14 10 4 1 4 2 3 5 6 7 0
14 9 5 1 0 4 3 5 6 2 7
14 9 5 1 4 3 0 5 6 2 7
16 11 5 1 4 2 0 5 6 7 3
17 12 5 1 4 2 3 0 6 7 5
18 13 5 0 4 2 3 5 6 7 1
17 12 5 1 4 3 2 5 6 0 7
17 13 4 1 4 3 2 5 6 7 0
19 14 5 1 4 3 0 5 6 7 2
20 15 5 1 4 3 2 0 6 7 5
21 16 5 0 4 3 2 5 6 7 1
21 16 5 0 4 3 1 5 6 7 2
16 10 6 1 4 2 3 5 0 6 7
19 13 6 1 4 0 3 5 6 7 2
19 14 5 1 0 4 3 5 6 7 2
20 15 5 0 1 4 3 5 6 7 2
22 18 4 2 1 4 3 5 6 7 0
25 21 4 2 1 0 3 5 6 7 4
25 22 3 2 1 3 0 5 6 7 4
25 23 2 2 1 3 4 5 6 7 0
27 24 3 2 1 3 4 5 6 0 7
28 25 3 2 1 3 4 0 6 7 5
29 26 3 0 1 3 4 5 6 7 2
30 27 3 1 0 3 4 5 6 7 2
28 24 4 0 1 3 2 5 6 7 4
28 25 3 1 0 3 2 5 6 7 4
29 25 4 2 1 3 5 0 6 7 4
30 26 4 2 1 0 4 5 6 7 3
29 25 4 2 1 0 4 5 6 3 7
29 25 4 2 1 3 4 5 0 6 7
32 28 4 1 6 3 4 5 0 7 2
32 28 4 1 3 0 4 5 6 7 2
30 26 4 1 6 3 2 5 0 7 4
30 26 4 1 3 0 2 5 6 7 4
30 27 3 1 3 2 0 5 6 7 4
30 28 2 1 3 2 4 5 6 7 0
32 29 3 1 3 2 4 5 6 0 7
33 30 3 1 3 2 4 0 6 7 5
34 31 3 0 3 2 4 5 6 7 1
33 29 4 0 3 2 1 5 6 7 4
34 30 4 1 3 2 5 0 6 7 4
34 30 4 1 3 0 4 5 6 2 7
34 31 3 1 0 3 4 5 6 2 7
34 30 4 1 3 2 4 5 0 6 7
36 32 4 1 6 3 4 5 0 2 7
36 33 3 1 6 3 4 5 2 0 7
36 34 2 1 6 3 4 5 2 7 0
38 35 3 1 6 3 0 5 2 7 4
39 36 3 1 6 3 4 0 2 7 5
40 37 3 0 6 3 4 5 2 7 1
36 32 4 0 1 3 4 5 6 2 7
38 34 4 1 6 0 4 5 2 3 7
41 37 4 1 6 0 4 5 2 7 3
40 36 4 1 6 0 3 5 2 7 4
41 37 4 0 6 3 1 5 2 7 4
42 38 4 1 6 3 5 0 2 7 4
24 19 5 2 1 4 0 5 6 7 3
24 19 5 2 1 4 3 5 6 0 7
25 20 5 2 1 4 3 0 6 7 5
27 22 5 2 1 7 3 5 6 0 4
27 22 5 2 0 1 3 5 6 7 4
27 23 4 0 2 1 3 5 6 7 4
30 25 5 2 1 3 7 5 6 0 4
31 26 5 0 1 3 4 2 6 7 5
33 29 4 5 1 3 4 2 6 7 0
33 28 5 2 0 3 4 1 6 7 5
32 29 3 0 2 3 4 1 6 7 5
31 30 1 1 2 3 4 0 6 7 5
32 32 0 1 2 3 4 5 6 7 0
