7 0 7 3 4 7 0 5 6 2 1
7 1 6 3 4 7 1 5 6 2 0
9 3 6 3 4 7 2 5 6 0 1
9 4 5 3 4 0 2 5 6 7 1
10 5 5 3 0 4 2 5 6 7 1
10 5 5 3 4 2 0 5 6 7 1
10 6 4 3 4 2 1 5 6 7 0
11 6 5 0 3 4 2 5 6 7 1
12 9 3 1 3 4 2 5 6 7 0
15 12 3 1 3 0 2 5 6 7 4
15 13 2 1 0 3 2 5 6 7 4
16 13 3 1 3 2 0 5 6 7 4
16 14 2 1 3 2 4 5 6 7 0
17 14 3 1 6 3 2 5 0 7 4
17 14 3 0 1 3 2 5 6 7 4
18 15 3 1 3 2 4 5 6 0 7
19 16 3 1 3 2 4 0 6 7 5
20 17 3 1 3 0 4 5 6 7 2
20 18 2 1 0 3 4 5 6 7 2
19 16 3 2 1 3 0 5 6 7 4
19 17 2 2 1 3 4 5 6 7 0
20 17 3 4 1 3 2 5 6 7 0
22 19 3 1 6 3 4 5 0 7 2
22 19 3 0 1 3 4 5 6 7 2
21 18 3 2 1 3 4 5 6 0 7
22 19 3 2 1 3 4 0 6 7 5
25 22 3 2 0 3 4 1 6 7 5
25 23 2 0 2 3 4 1 6 7 5
25 24 1 1 2 3 4 0 6 7 5
26 26 0 1 2 3 4 5 6 7 0
