9 0 9 6 3 7 0 2 1 4 5
8 1 7 6 3 7 5 2 1 4 0
9 1 8 6 3 0 7 2 1 4 5
9 2 7 0 3 7 6 2 1 4 5
9 4 5 0 3 7 5 2 1 4 6
11 2 9 6 3 7 5 2 1 0 4
11 2 9 6 3 4 7 2 1 0 5
10 3 7 6 3 4 7 2 1 5 0
11 2 9 6 0 3 7 2 1 4 5
10 3 7 0 6 3 7 2 1 4 5
11 5 6 1 3 7 6 2 0 4 5
11 7 4 1 3 7 5 2 0 4 6
11 6 5 0 3 4 7 2 1 5 6
11 3 8 6 1 3 7 2 0 4 5
11 6 5 1 3 7 6 2 4 0 5
11 8 3 1 3 7 5 2 4 0 6
11 4 7 6 1 3 7 2 4 0 5
10 5 5 6 1 3 7 2 4 5 0
11 7 4 1 3 7 6 2 4 5 0
11 9 2 1 3 7 5 2 4 6 0
11 8 3 1 3 7 0 2 4 5 6
11 9 2 1 3 0 7 2 4 5 6
11 10 1 1 3 5 7 2 4 0 6
11 11 0 1 3 5 7 2 4 6 0
