10 0 10 2 1 6 0 7 5 4 3
11 1 10 2 1 6 3 7 5 4 0
11 2 9 2 1 6 3 7 5 0 4
11 3 8 2 1 0 3 7 5 6 4
11 4 7 2 1 3 0 7 5 6 4
11 5 6 2 1 3 4 7 5 6 0
12 3 9 2 1 6 7 0 5 4 3
11 4 7 0 1 6 7 2 5 4 3
12 3 9 2 1 6 4 7 5 0 3
12 3 9 2 1 6 3 0 5 4 7
12 7 5 2 1 3 4 0 5 6 7
12 5 7 1 0 6 7 2 5 4 3
12 4 8 2 1 0 4 7 5 6 3
12 4 8 2 1 6 4 7 5 3 0
12 4 8 0 1 6 3 2 5 4 7
12 4 8 2 1 6 3 5 0 4 7
12 8 4 2 1 3 4 5 0 6 7
12 6 6 1 5 6 7 2 0 4 3
12 5 7 1 0 6 3 2 5 4 7
12 9 3 2 1 3 4 5 6 0 7
12 7 5 1 5 6 7 2 4 0 3
12 6 6 1 5 6 3 2 0 4 7
12 10 2 2 1 3 4 5 6 7 0
12 8 4 1 5 0 7 2 4 6 3
12 8 4 1 5 6 7 2 4 3 0
12 7 5 1 5 6 3 2 4 0 7
12 9 3 1 0 5 7 2 4 6 3
12 8 4 1 5 0 3 2 4 6 7
12 9 3 1 0 5 3 2 4 6 7
12 9 3 1 5 3 0 2 4 6 7
12 10 2 1 5 3 7 2 4 6 0
13 1 12 2 1 0 6 7 5 4 3
13 3 10 2 1 6 3 7 0 5 4
13 4 9 2 0 1 3 7 5 6 4
13 5 8 2 1 6 7 3 5 4 0
13 6 7 2 1 6 4 0 5 3 7
13 6 7 3 1 6 0 2 5 4 7
13 10 3 0 1 5 7 2 4 6 3
13 2 11 2 1 4 6 7 5 0 3
13 4 9 2 1 6 3 0 7 5 4
13 5 8 0 2 1 3 7 5 6 4
13 7 6 2 1 6 4 5 0 3 7
13 7 6 3 1 6 7 2 5 4 0
13 3 10 2 1 4 6 7 5 3 0
13 4 9 2 1 4 0 7 5 3 6
13 5 8 2 1 4 6 0 5 3 7
13 5 8 2 1 0 4 7 5 3 6
13 6 7 2 1 3 4 7 5 0 6
14 2 12 0 1 6 2 7 5 4 3
14 4 10 2 1 0 3 7 5 4 6
13 5 8 2 1 3 0 7 5 4 6
14 6 8 0 1 3 2 7 5 6 4
14 7 7 2 1 3 7 0 5 6 4
14 4 10 2 1 6 7 5 0 4 3
14 4 10 2 1 6 4 7 0 5 3
14 8 6 0 1 3 4 2 5 6 7
14 6 8 1 6 0 7 2 5 4 3
14 5 9 2 0 1 4 7 5 6 3
14 5 9 2 1 4 0 7 5 6 3
14 5 9 2 1 6 0 7 5 3 4
14 5 9 2 0 6 3 5 1 4 7
13 6 7 0 2 6 3 5 1 4 7
14 5 9 2 1 6 3 5 4 0 7
14 9 5 2 0 3 4 5 1 6 7
13 10 3 0 2 3 4 5 1 6 7
14 7 7 1 5 6 7 0 2 4 3
14 6 8 1 6 0 3 2 5 4 7
13 7 6 1 6 3 0 2 5 4 7
14 10 4 2 1 0 4 5 6 3 7
14 7 7 1 5 6 3 0 2 4 7
14 11 3 2 1 3 0 5 6 7 4
14 9 5 1 5 7 0 2 4 6 3
14 9 5 1 5 6 0 2 4 3 7
14 8 6 1 5 6 3 2 4 7 0
14 10 4 1 4 5 7 2 0 6 3
14 10 4 1 4 5 3 2 0 6 7
14 10 4 0 1 5 3 2 4 6 7
14 11 3 1 5 3 7 2 4 0 6
14 6 8 2 1 4 6 5 0 3 7
14 3 11 1 0 6 2 7 5 4 3
14 5 9 2 1 4 3 7 5 0 6
14 7 7 1 0 3 2 7 5 6 4
14 8 6 0 1 3 7 2 5 6 4
14 8 6 2 1 3 7 5 0 6 4
14 5 9 2 1 6 7 5 4 0 3
14 5 9 2 1 6 4 0 7 5 3
14 9 5 1 0 3 4 2 5 6 7
14 6 8 0 2 1 4 7 5 6 3
14 6 8 2 1 4 3 7 5 6 0
14 6 8 2 6 0 3 5 1 4 7
13 7 6 2 6 3 0 5 1 4 7
14 6 8 2 1 0 3 5 4 6 7
13 7 6 2 1 3 0 5 4 6 7
14 6 8 2 1 6 3 5 4 7 0
14 7 7 1 6 4 3 2 5 0 7
14 8 6 1 6 3 7 2 5 4 0
14 10 4 1 5 7 3 2 4 6 0
14 4 10 1 6 0 2 7 5 4 3
13 5 8 1 6 2 0 7 5 4 3
14 9 5 1 0 3 7 2 5 6 4
14 9 5 2 1 3 7 5 6 0 4
14 6 8 2 1 0 7 5 4 6 3
14 6 8 2 1 6 7 5 4 3 0
14 7 7 2 6 4 3 5 1 0 7
14 8 6 2 1 3 7 5 4 6 0
14 8 6 1 6 4 3 2 5 7 0
14 5 9 1 6 4 2 7 5 0 3
14 6 8 1 6 2 3 7 5 4 0
14 10 4 1 5 3 7 2 0 6 4
14 10 4 1 3 0 7 2 5 6 4
14 8 6 2 6 4 3 5 1 7 0
14 6 8 1 6 4 2 7 5 3 0
14 7 7 1 6 2 3 7 5 0 4
15 4 11 0 1 6 3 7 5 4 2
15 8 7 0 1 3 4 7 5 6 2
15 6 9 2 0 6 7 1 5 4 3
15 7 8 5 1 6 7 2 0 4 3
15 6 9 2 1 6 0 3 5 4 7
15 6 9 2 0 6 3 1 5 4 7
15 10 5 2 0 3 4 1 5 6 7
15 7 8 5 1 6 3 2 0 4 7
15 12 3 2 1 3 4 0 6 7 5
15 10 5 1 5 6 7 0 4 3 2
15 11 4 1 5 0 7 2 4 3 6
15 11 4 0 5 3 1 2 4 6 7
15 12 3 1 5 3 7 0 4 6 2
15 2 13 2 0 1 6 7 5 4 3
15 4 11 2 0 6 3 7 1 5 4
14 5 9 0 2 6 3 7 1 5 4
15 5 10 2 5 1 3 7 0 6 4
14 6 8 2 5 1 3 0 7 6 4
15 7 8 2 1 3 4 7 0 5 6
15 6 9 2 1 6 7 3 5 0 4
15 8 7 3 1 6 7 2 5 0 4
15 7 8 0 1 6 4 2 5 3 7
15 7 8 3 1 0 6 2 5 4 7
15 3 12 2 1 4 6 7 0 5 3
14 4 10 2 1 4 6 0 7 5 3
15 5 10 0 1 6 3 2 7 5 4
15 6 9 7 2 1 3 0 5 6 4
15 8 7 2 0 6 4 5 1 3 7
14 9 5 0 2 6 4 5 1 3 7
15 8 7 2 1 6 4 5 3 0 7
15 8 7 2 1 4 0 6 5 3 7
15 6 9 2 0 1 4 7 5 3 6
15 3 12 7 1 6 2 0 5 4 3
15 8 7 2 1 3 7 0 5 4 6
15 9 6 2 1 3 7 4 5 6 0
15 7 8 1 6 7 0 2 5 4 3
15 8 7 0 5 6 7 1 2 4 3
15 9 6 1 5 6 7 3 2 4 0
15 9 6 1 5 6 0 2 4 7 3
15 12 3 3 1 5 0 2 4 6 7
15 8 7 2 1 4 3 0 5 6 7
15 10 5 2 1 3 5 0 4 6 7
15 8 7 1 6 2 4 7 5 0 3
15 7 8 2 1 7 0 5 4 6 3
15 7 8 2 1 6 0 5 4 3 7
15 8 7 2 1 6 7 0 4 3 5
15 10 5 2 1 3 7 0 4 6 5
15 8 7 1 6 2 3 0 5 4 7
15 8 7 1 6 4 2 0 5 3 7
15 7 8 2 5 6 7 1 0 4 3
15 8 7 5 1 6 7 2 4 0 3
15 7 8 2 5 6 3 1 0 4 7
15 7 8 0 2 6 3 1 5 4 7
15 7 8 2 6 0 3 1 5 4 7
14 8 6 2 6 3 0 1 5 4 7
15 11 4 0 2 3 4 1 5 6 7
15 8 7 5 1 6 3 2 4 0 7
15 12 3 1 0 5 7 2 4 3 6
15 3 12 0 2 1 6 7 5 4 3
15 5 10 2 6 0 3 7 1 5 4
15 6 9 2 5 1 3 7 6 0 4
15 8 7 2 1 3 4 0 7 5 6
15 7 8 2 1 0 7 3 5 6 4
15 7 8 2 1 6 7 3 0 5 4
15 9 6 3 1 0 7 2 5 6 4
15 9 6 3 1 6 7 2 0 5 4
15 8 7 1 0 6 4 2 5 3 7
15 6 9 1 0 6 3 2 7 5 4
15 7 8 7 2 1 3 5 0 6 4
15 9 6 2 6 0 4 5 1 3 7
15 9 6 2 1 0 4 5 3 6 7
15 9 6 2 1 6 4 5 3 7 0
15 9 6 2 1 0 4 6 5 3 7
15 7 8 0 2 1 4 7 5 3 6
15 6 9 7 1 6 0 2 5 4 3
15 9 6 0 1 3 7 2 5 4 6
15 14 1 1 2 3 4 5 6 0 7
15 11 4 1 6 3 4 2 5 7 0
15 13 2 3 1 5 7 2 4 6 0
15 9 6 2 1 4 3 5 0 6 7
15 11 4 0 1 3 5 2 4 6 7
15 9 6 1 6 2 4 7 5 3 0
15 9 6 0 1 6 7 2 4 3 5
15 11 4 0 1 3 7 2 4 6 5
15 9 6 1 6 2 3 5 0 4 7
15 9 6 1 6 4 2 5 0 3 7
15 8 7 2 5 6 7 1 4 0 3
15 9 6 5 1 0 7 2 4 6 3
15 9 6 5 1 6 7 2 4 3 0
15 8 7 2 5 6 3 1 4 0 7
15 8 7 1 2 6 3 0 5 4 7
15 8 7 2 6 4 3 1 5 0 7
15 12 3 1 2 3 4 0 5 6 7
15 9 6 5 1 0 3 2 4 6 7
15 5 10 6 2 1 0 7 5 4 3
15 6 9 2 6 3 0 7 1 5 4
15 8 7 2 1 6 7 0 3 5 4
15 9 6 1 6 0 4 2 5 3 7
15 7 8 1 7 6 3 2 0 5 4
15 7 8 1 6 0 3 2 7 5 4
15 8 7 7 2 1 3 5 6 0 4
15 10 5 2 6 3 4 5 1 0 7
15 10 5 2 1 3 4 6 5 0 7
15 10 5 1 0 3 7 2 5 4 6
15 15 0 1 2 3 4 5 6 7 0
