10 0 10 2 1 6 0 7 5 4 3
12 3 9 2 1 6 7 0 5 4 3
11 4 7 0 1 6 7 2 5 4 3
13 7 6 3 1 6 7 2 5 4 0
16 10 6 3 1 0 7 2 5 4 6
12 5 7 1 0 6 7 2 5 4 3
12 6 6 1 5 6 7 2 0 4 3
12 7 5 1 5 6 7 2 4 0 3
12 8 4 1 5 0 7 2 4 6 3
12 9 3 1 0 5 7 2 4 6 3
13 10 3 0 1 5 7 2 4 6 3
15 13 2 3 1 5 7 2 4 6 0
17 14 3 3 1 5 0 2 4 6 7
17 14 3 3 1 5 7 2 4 0 6
18 15 3 3 1 5 7 0 4 6 2
12 8 4 1 5 6 7 2 4 3 0
14 10 4 1 4 5 7 2 0 6 3
20 16 4 3 1 0 7 2 4 6 5
19 15 4 3 1 0 5 2 4 6 7
20 16 4 0 1 5 3 2 4 6 7
20 17 3 1 0 5 3 2 4 6 7
21 17 4 3 1 5 2 0 4 6 7
19 15 4 3 1 0 7 2 4 5 6
19 15 4 3 1 5 7 2 0 4 6
15 11 4 1 5 0 7 2 4 3 6
15 12 3 1 5 3 7 2 4 0 6
15 13 2 1 5 3 7 2 4 6 0
15 12 3 1 0 5 7 2 4 3 6
17 14 3 1 5 3 0 2 4 6 7
18 15 3 1 5 3 7 0 4 6 2
19 16 3 0 5 3 7 2 4 6 1
22 18 4 1 4 5 3 2 0 6 7
22 18 4 1 5 0 3 2 4 6 7
17 13 4 1 5 3 7 2 0 4 6
17 13 4 1 4 5 7 2 0 3 6
17 14 3 1 4 5 7 2 3 0 6
17 15 2 1 4 5 7 2 3 6 0
19 16 3 1 4 5 0 2 3 6 7
20 17 3 1 4 5 7 0 3 6 2
21 18 3 0 4 5 7 2 3 6 1
17 13 4 0 1 5 7 2 4 3 6
20 16 4 0 5 3 1 2 4 6 7
21 17 4 1 5 3 2 0 4 6 7
19 15 4 1 4 0 7 2 3 5 6
22 18 4 1 4 0 7 2 3 6 5
21 17 4 1 4 0 5 2 3 6 7
22 18 4 0 4 5 1 2 3 6 7
23 19 4 1 4 5 2 0 3 6 7
14 9 5 1 5 7 0 2 4 6 3
14 10 4 1 5 7 3 2 4 6 0
16 11 5 2 1 5 7 0 4 6 3
17 13 4 2 1 5 7 3 4 6 0
17 12 5 7 1 5 0 2 4 6 3
22 17 5 3 1 5 6 2 4 0 7
21 16 5 0 1 5 7 3 4 6 2
23 18 5 3 0 5 7 1 4 6 2
22 19 3 0 3 5 7 1 4 6 2
21 20 1 1 3 5 7 0 4 6 2
22 22 0 1 3 5 7 2 4 6 0
