9 0 9 3 2 0 5 7 4 1 6
9 1 8 3 2 1 5 7 4 0 6
9 2 7 3 2 1 5 7 4 6 0
10 4 6 3 2 1 5 0 4 6 7
11 7 4 3 0 1 5 2 4 6 7
11 8 3 0 3 1 5 2 4 6 7
13 10 3 5 3 1 0 2 4 6 7
13 11 2 5 3 1 7 2 4 6 0
14 11 3 7 3 1 5 2 4 6 0
14 11 3 5 3 0 1 2 4 6 7
15 12 3 5 3 1 7 2 4 0 6
16 13 3 5 3 1 7 0 4 6 2
17 14 3 0 3 1 7 2 4 6 5
17 14 3 5 3 0 7 2 4 6 1
12 8 4 3 1 0 5 2 4 6 7
12 9 3 3 1 5 0 2 4 6 7
12 10 2 3 1 5 7 2 4 6 0
14 11 3 0 1 5 3 2 4 6 7
14 12 2 1 0 5 3 2 4 6 7
14 11 3 3 1 5 7 2 4 0 6
15 12 3 3 1 5 7 0 4 6 2
16 13 3 0 1 5 7 2 4 6 3
16 14 2 1 0 5 7 2 4 6 3
17 14 3 7 1 5 3 2 4 6 0
16 13 3 1 4 5 3 2 0 6 7
16 13 3 1 5 0 3 2 4 6 7
18 15 3 3 0 5 7 1 4 6 2
18 16 2 0 3 5 7 1 4 6 2
18 17 1 1 3 5 7 0 4 6 2
19 19 0 1 3 5 7 2 4 6 0
