12 0 12 3 2 0 5 7 4 1 6
9 1 8 3 2 5 0 7 4 1 6
10 4 6 3 2 5 7 0 4 1 6
12 7 5 3 0 5 7 2 4 1 6
12 8 4 0 3 5 7 2 4 1 6
14 9 5 2 3 5 7 0 4 1 6
15 10 5 7 3 5 0 2 4 1 6
16 11 5 6 3 5 7 2 4 1 0
14 8 6 3 4 5 7 2 0 1 6
14 9 5 3 4 5 7 2 1 0 6
14 10 4 3 4 5 7 2 1 6 0
17 13 4 0 4 5 7 2 1 6 3
20 16 4 1 4 5 7 2 0 6 3
20 17 3 1 0 5 7 2 4 6 3
21 18 3 0 1 5 7 2 4 6 3
23 21 2 3 1 5 7 2 4 6 0
25 22 3 3 1 5 0 2 4 6 7
25 22 3 3 1 5 7 2 4 0 6
26 23 3 3 1 5 7 0 4 6 2
22 18 4 1 5 0 7 2 4 6 3
28 24 4 3 1 0 7 2 4 6 5
27 23 4 3 1 0 5 2 4 6 7
28 24 4 0 1 5 3 2 4 6 7
28 25 3 1 0 5 3 2 4 6 7
29 25 4 3 1 5 2 0 4 6 7
27 23 4 3 1 0 7 2 4 5 6
27 23 4 3 1 5 7 2 0 4 6
30 26 4 1 4 5 3 2 0 6 7
30 26 4 1 5 0 3 2 4 6 7
30 27 3 1 5 3 0 2 4 6 7
30 28 2 1 5 3 7 2 4 6 0
32 29 3 1 5 3 7 2 4 0 6
33 30 3 1 5 3 7 0 4 6 2
34 31 3 0 5 3 7 2 4 6 1
33 29 4 0 5 3 1 2 4 6 7
34 30 4 1 5 3 2 0 4 6 7
34 30 4 1 5 0 7 2 4 3 6
34 31 3 1 0 5 7 2 4 3 6
34 30 4 1 5 3 7 2 0 4 6
36 32 4 1 4 5 7 2 0 3 6
36 33 3 1 4 5 7 2 3 0 6
36 34 2 1 4 5 7 2 3 6 0
38 35 3 1 4 5 0 2 3 6 7
39 36 3 1 4 5 7 0 3 6 2
40 37 3 0 4 5 7 2 3 6 1
36 32 4 0 1 5 7 2 4 3 6
38 34 4 1 4 0 7 2 3 5 6
41 37 4 1 4 0 7 2 3 6 5
40 36 4 1 4 0 5 2 3 6 7
41 37 4 0 4 5 1 2 3 6 7
42 38 4 1 4 5 2 0 3 6 7
16 11 5 3 4 5 0 2 1 6 7
17 12 5 3 4 5 7 0 1 6 2
22 17 5 1 4 5 7 0 2 6 3
23 19 4 1 4 5 7 3 2 6 0
22 17 5 1 4 5 7 2 6 0 3
22 18 4 1 4 5 7 2 6 3 0
24 19 5 2 1 5 7 0 4 6 3
25 21 4 2 1 5 7 3 4 6 0
25 20 5 7 1 5 0 2 4 6 3
30 25 5 3 1 5 6 2 4 0 7
29 24 5 0 1 5 7 3 4 6 2
31 26 5 3 0 5 7 1 4 6 2
30 27 3 0 3 5 7 1 4 6 2
29 28 1 1 3 5 7 0 4 6 2
30 30 0 1 3 5 7 2 4 6 0
