11 0 11 0 5 2 3 4 1 7 6
11 1 10 4 5 2 3 0 1 7 6
12 1 11 5 0 2 3 4 1 7 6
12 2 10 3 5 2 0 4 1 7 6
12 2 10 4 5 2 3 1 0 7 6
12 3 9 4 5 2 3 6 1 7 0
12 2 10 5 1 2 3 4 0 7 6
12 2 10 5 2 0 3 4 1 7 6
9 3 6 5 2 3 0 4 1 7 6
11 6 5 5 2 3 4 0 1 7 6
10 7 3 0 2 3 4 5 1 7 6
11 7 4 5 2 3 4 1 0 7 6
12 3 9 4 0 2 3 1 5 7 6
12 3 9 5 1 2 3 0 4 7 6
12 4 8 5 2 3 6 4 1 7 0
12 8 4 5 2 3 4 6 1 7 0
12 4 8 0 4 2 3 1 5 7 6
12 4 8 4 2 0 3 1 5 7 6
10 5 5 4 2 3 0 1 5 7 6
11 7 4 0 2 3 4 1 5 7 6
11 8 3 1 2 3 4 0 5 7 6
11 9 2 1 2 3 4 5 0 7 6
12 4 8 0 1 2 3 5 4 7 6
12 6 6 5 2 3 6 0 1 7 4
12 5 7 1 4 2 3 0 5 7 6
12 10 2 1 2 3 4 6 5 7 0
12 5 7 1 0 2 3 5 4 7 6
12 7 5 0 2 3 6 5 1 7 4
12 6 6 1 4 2 3 5 0 7 6
12 6 6 1 2 0 3 5 4 7 6
12 7 5 1 2 3 0 5 4 7 6
13 3 10 6 5 2 3 4 1 7 0
13 3 10 1 5 2 3 4 0 7 6
12 4 8 1 5 2 3 0 4 7 6
13 4 9 4 0 2 3 5 1 7 6
12 5 7 0 4 2 3 5 1 7 6
13 5 8 3 5 2 4 0 1 7 6
13 4 9 4 5 2 0 6 1 7 3
13 8 5 2 0 3 4 5 1 7 6
13 8 5 5 0 3 4 1 2 7 6
13 8 5 5 2 3 4 1 7 0 6
13 5 8 5 1 2 3 6 4 7 0
13 6 7 4 2 3 6 1 5 7 0
13 8 5 2 0 3 4 1 5 7 6
13 10 3 1 0 3 4 5 2 7 6
13 10 3 1 2 3 4 5 7 0 6
13 7 6 5 2 3 6 1 0 7 4
13 7 6 1 4 2 3 6 5 7 0
13 5 8 6 5 2 3 0 1 7 4
13 4 9 1 0 2 3 4 5 7 6
13 5 8 4 1 2 3 5 0 7 6
13 5 8 4 2 0 3 5 1 7 6
11 6 5 4 2 3 0 5 1 7 6
13 6 7 0 5 2 4 6 1 7 3
13 9 4 2 1 3 4 5 0 7 6
13 9 4 5 2 3 4 1 7 6 0
13 6 7 0 5 2 3 6 1 7 4
13 5 8 1 2 0 3 4 5 7 6
10 6 4 1 2 3 0 4 5 7 6
13 7 6 1 2 3 6 4 5 7 0
13 9 4 1 2 3 6 0 5 7 4
14 4 10 4 5 2 0 3 1 7 6
14 5 9 3 5 2 7 4 1 0 6
14 3 11 4 5 2 3 1 7 0 6
13 4 9 4 5 2 3 1 7 6 0
14 3 11 5 1 2 3 4 7 0 6
12 4 8 5 1 2 3 4 7 6 0
13 5 8 5 1 2 0 4 7 6 3
13 6 7 5 1 2 3 0 7 6 4
13 7 6 0 1 2 3 5 7 6 4
13 8 5 1 0 2 3 5 7 6 4
13 9 4 1 2 0 3 5 7 6 4
13 10 3 1 2 3 0 5 7 6 4
13 11 2 1 2 3 4 5 7 6 0
14 3 11 5 2 7 3 4 1 0 6
12 4 8 5 2 7 3 4 1 6 0
13 5 8 5 2 7 0 4 1 6 3
13 6 7 5 2 7 3 0 1 6 4
12 7 5 0 2 7 3 5 1 6 4
13 7 6 5 2 7 3 1 0 6 4
13 8 5 5 2 7 3 1 6 0 4
13 9 4 5 2 0 3 1 6 7 4
13 10 3 5 2 3 0 1 6 7 4
13 11 2 5 2 3 4 1 6 7 0
14 5 9 0 2 3 5 4 1 7 6
14 9 5 5 2 3 4 6 1 0 7
14 5 9 4 2 7 3 1 5 0 6
13 6 7 4 2 7 3 1 5 6 0
14 11 3 1 2 3 0 6 5 7 4
14 11 3 1 2 3 4 6 5 0 7
14 9 5 6 2 3 0 5 1 7 4
14 10 4 1 2 3 6 5 0 7 4
14 7 7 1 4 2 3 5 7 0 6
14 7 7 1 2 7 3 5 4 0 6
14 8 6 1 2 3 6 5 4 7 0
14 4 10 6 5 2 0 4 1 7 3
14 6 8 1 5 2 3 6 4 7 0
14 6 8 3 5 2 4 1 0 7 6
14 7 7 5 0 2 3 6 1 7 4
14 6 8 6 5 2 3 1 0 7 4
14 7 7 4 2 3 6 5 1 7 0
14 7 7 5 0 2 4 6 1 7 3
14 6 8 3 5 0 7 4 1 2 6
14 6 8 3 5 2 7 4 1 6 0
14 5 9 4 5 2 0 1 7 6 3
14 10 4 1 2 7 3 5 0 6 4
14 6 8 4 2 3 5 0 1 7 6
14 7 7 4 2 7 0 1 5 6 3
14 10 4 6 2 3 4 5 1 7 0
14 8 6 1 4 2 3 5 7 6 0
14 8 6 1 2 7 3 5 0 4 6
14 8 6 1 2 7 3 5 4 6 0
14 7 7 3 0 2 4 1 5 7 6
14 8 6 5 1 2 3 6 0 7 4
14 8 6 5 2 0 3 6 1 7 4
14 7 7 6 0 2 3 1 5 7 4
14 8 6 5 1 2 4 6 0 7 3
14 8 6 5 2 0 4 6 1 7 3
14 7 7 3 0 5 7 4 1 2 6
13 8 5 0 3 5 7 4 1 2 6
14 11 3 1 2 7 3 5 6 0 4
14 8 6 0 3 2 4 1 5 7 6
14 8 6 3 2 0 4 1 5 7 6
14 9 5 5 1 2 3 0 6 7 4
14 9 5 5 2 3 0 6 1 7 4
14 8 6 0 6 2 3 1 5 7 4
14 8 6 6 2 0 3 1 5 7 4
14 9 5 5 1 2 4 0 6 7 3
14 8 6 3 1 5 7 4 0 2 6
14 9 5 1 3 2 4 0 5 7 6
14 10 4 0 1 2 3 5 6 7 4
14 9 5 1 6 2 3 0 5 7 4
14 9 5 6 2 3 0 1 5 7 4
14 10 4 0 1 2 4 5 6 7 3
14 9 5 3 1 5 7 0 4 2 6
14 9 5 3 1 5 7 4 2 0 6
14 13 1 1 2 3 0 5 6 7 4
14 10 4 1 3 2 4 5 0 7 6
14 10 4 1 6 2 3 5 0 7 4
14 10 4 6 2 3 4 1 5 7 0
14 11 3 1 0 2 4 5 6 7 3
14 10 4 3 1 5 7 4 2 6 0
14 14 0 1 2 3 4 5 6 7 0
