9 0 9 0 5 2 3 4 1 7 6
10 3 7 1 5 2 3 4 0 7 6
10 4 6 1 0 2 3 4 5 7 6
10 5 5 1 2 0 3 4 5 7 6
10 6 4 1 2 3 0 4 5 7 6
11 9 2 1 2 3 4 0 5 7 6
11 10 1 1 2 3 4 5 0 7 6
13 11 2 1 2 3 4 6 5 7 0
13 11 2 1 0 3 4 5 2 7 6
13 11 2 1 2 3 4 5 7 0 6
14 12 2 1 2 3 4 5 7 6 0
13 10 3 0 2 3 4 1 5 7 6
15 12 3 1 2 3 0 6 5 7 4
15 12 3 1 2 3 4 6 5 0 7
15 12 3 0 1 3 4 5 2 7 6
15 12 3 1 3 0 4 5 2 7 6
15 12 3 1 2 0 4 5 7 3 6
16 13 3 1 2 3 0 5 7 6 4
17 14 3 1 2 3 4 0 7 6 5
16 13 3 5 2 3 4 1 0 7 6
16 13 3 1 2 3 4 6 0 5 7
16 14 2 1 2 3 4 0 6 5 7
18 16 2 1 2 3 4 7 6 5 0
19 17 2 1 2 3 4 7 6 0 5
18 15 3 2 1 3 4 5 0 7 6
18 15 3 1 2 3 4 7 0 6 5
18 15 3 0 2 3 4 1 6 5 7
20 17 3 1 2 3 0 7 6 5 4
21 18 3 1 2 0 4 7 6 3 5
16 12 4 1 0 3 4 2 5 7 6
18 14 4 0 2 3 4 6 5 7 1
18 14 4 1 2 0 4 6 5 7 3
19 15 4 0 2 3 4 5 7 6 1
19 15 4 1 2 0 4 5 7 6 3
15 11 4 2 0 3 4 1 5 7 6
16 12 4 4 2 3 0 1 5 7 6
17 13 4 6 2 3 4 1 5 7 0
17 13 4 1 2 0 3 6 5 7 4
18 14 4 0 2 3 1 6 5 7 4
19 15 4 1 2 3 6 0 5 7 4
19 16 3 1 2 3 6 5 0 7 4
17 13 4 1 2 0 4 6 5 3 7
17 13 4 5 1 3 4 0 2 7 6
18 14 4 4 1 3 0 5 2 7 6
19 15 4 6 1 3 4 5 2 7 0
17 13 4 1 3 7 4 5 2 0 6
17 13 4 1 3 4 0 5 2 7 6
17 13 4 1 0 2 4 5 7 3 6
17 13 4 1 2 4 0 5 7 3 6
18 14 4 1 2 0 3 5 7 6 4
19 15 4 0 2 3 1 5 7 6 4
20 16 4 1 2 3 6 5 7 0 4
19 15 4 0 2 3 4 1 7 6 5
18 14 4 5 0 3 4 1 2 7 6
18 14 4 5 2 3 4 0 1 7 6
18 15 3 0 2 3 4 5 1 7 6
18 14 4 5 2 3 4 1 7 0 6
18 14 4 1 0 3 4 6 2 5 7
21 17 4 1 2 3 0 4 6 5 7
21 17 4 1 0 3 4 2 6 5 7
23 19 4 0 2 3 4 7 6 5 1
23 19 4 1 2 0 4 7 6 5 3
20 16 4 2 0 3 4 5 1 7 6
20 16 4 2 1 3 4 0 5 7 6
20 16 4 2 1 3 4 5 7 0 6
20 16 4 1 0 3 4 7 2 6 5
20 16 4 2 0 3 4 1 6 5 7
21 17 4 4 2 3 0 1 6 5 7
22 18 4 7 2 3 4 1 6 5 0
22 18 4 1 2 0 3 7 6 5 4
23 19 4 0 2 3 1 7 6 5 4
24 20 4 1 2 3 7 0 6 5 4
24 20 4 1 2 3 5 7 6 0 4
23 19 4 1 0 2 4 7 6 3 5
23 19 4 1 2 4 0 7 6 3 5
21 17 4 5 2 3 4 6 0 7 1
21 18 3 5 2 3 4 0 6 7 1
21 19 2 0 2 3 4 5 6 7 1
22 22 0 1 2 3 4 5 6 7 0
