13 0 13 3 4 7 0 6 5 2 1
11 2 9 0 4 7 3 6 5 2 1
13 1 12 3 4 7 1 6 5 2 0
13 1 12 3 4 0 7 6 5 2 1
13 5 8 1 4 7 3 6 5 2 0
13 3 10 3 4 7 1 0 5 2 6
14 3 11 3 4 7 6 0 5 2 1
14 3 11 6 4 7 3 0 5 2 1
14 4 10 0 4 7 1 6 5 2 3
14 4 10 0 4 7 1 3 5 2 6
15 2 13 3 4 7 1 6 5 0 2
15 2 13 3 4 2 7 6 5 0 1
15 2 13 3 0 4 7 6 5 2 1
12 3 9 0 3 4 7 6 5 2 1
14 6 8 1 3 4 7 6 5 2 0
14 7 7 1 3 4 0 6 5 2 7
14 8 6 1 3 0 4 6 5 2 7
14 9 5 1 3 2 4 6 5 0 7
14 9 5 1 0 3 4 6 5 2 7
14 10 4 1 3 2 4 6 5 7 0
15 6 9 1 4 7 0 6 5 2 3
15 6 9 1 4 7 3 6 5 0 2
15 4 11 0 4 7 6 3 5 2 1
15 5 10 3 4 7 6 1 5 2 0
15 5 10 6 4 7 3 1 5 2 0
15 6 9 1 4 7 0 3 5 2 6
15 3 12 3 4 0 1 6 5 7 2
15 3 12 3 4 7 1 6 0 5 2
12 4 8 3 4 7 1 0 6 5 2
14 5 9 0 4 7 1 3 6 5 2
14 6 8 3 4 7 1 2 6 5 0
15 3 12 3 4 2 7 6 0 5 1
13 4 9 3 4 2 7 0 6 5 1
14 5 9 0 4 2 7 3 6 5 1
14 6 8 3 4 2 7 1 6 5 0
15 3 12 3 4 2 7 6 5 1 0
15 3 12 3 5 4 7 6 0 2 1
13 4 9 3 5 4 7 0 6 2 1
14 5 9 0 5 4 7 3 6 2 1
14 6 8 3 5 4 7 1 6 2 0
15 4 11 6 3 4 7 0 5 2 1
15 8 7 1 3 4 7 0 5 2 6
15 7 8 1 4 0 3 6 5 7 2
15 6 9 3 4 7 0 1 5 2 6
15 7 8 1 4 0 7 3 5 2 6
15 4 11 3 0 4 1 6 5 7 2
12 5 7 0 3 4 1 6 5 7 2
14 7 7 1 3 4 0 6 5 7 2
14 8 6 1 3 4 2 6 5 7 0
14 8 6 1 3 0 4 6 5 7 2
14 9 5 1 0 3 4 6 5 7 2
15 4 11 3 4 1 0 6 5 7 2
15 4 11 3 0 7 1 6 4 5 2
12 5 7 0 3 7 1 6 4 5 2
14 6 8 6 3 7 1 0 4 5 2
14 7 7 1 3 7 0 6 4 5 2
14 8 6 1 3 0 7 6 4 5 2
14 9 5 1 3 5 7 6 4 0 2
14 10 4 1 3 5 7 6 4 2 0
15 4 11 3 0 2 7 6 4 5 1
12 5 7 0 3 2 7 6 4 5 1
14 8 6 1 3 2 7 6 4 5 0
15 4 11 3 4 2 0 6 5 1 7
15 4 11 3 5 4 7 6 2 0 1
15 6 9 6 3 4 7 1 5 2 0
15 8 7 1 0 4 3 6 5 7 2
15 8 7 1 4 3 0 6 5 7 2
15 7 8 3 4 0 7 1 5 2 6
15 10 5 0 1 3 4 6 5 7 2
15 5 10 3 4 1 2 6 5 7 0
15 6 9 0 4 1 3 6 5 7 2
15 8 7 6 3 7 1 2 4 5 0
15 10 5 1 3 7 6 0 4 5 2
15 12 3 1 3 5 7 0 4 2 6
15 5 10 3 2 0 7 6 4 5 1
15 6 9 6 3 2 7 0 4 5 1
15 10 5 1 3 2 7 0 4 5 6
15 5 10 3 5 0 7 6 2 4 1
15 5 10 3 5 4 7 6 2 1 0
15 9 6 1 4 3 2 6 5 7 0
15 11 4 0 3 7 1 2 4 5 6
15 6 9 3 2 5 7 6 4 0 1
15 8 7 6 3 2 7 1 4 5 0
15 6 9 3 0 5 7 6 2 4 1
12 7 5 0 3 5 7 6 2 4 1
14 10 4 1 3 5 7 6 2 4 0
15 7 8 3 2 5 7 6 4 1 0
15 8 7 6 3 5 7 0 2 4 1
15 12 3 1 3 5 7 0 2 4 6
15 9 6 3 2 5 7 0 4 1 6
15 10 5 6 3 5 7 1 2 4 0
15 13 2 1 3 5 7 2 0 4 6
15 14 1 1 3 5 7 2 4 0 6
15 15 0 1 3 5 7 2 4 6 0
