13 0 13 3 4 7 0 6 5 2 1
11 2 9 0 4 7 3 6 5 2 1
13 5 8 1 4 7 3 6 5 2 0
16 8 8 1 4 0 3 6 5 2 7
16 9 7 1 4 2 3 6 5 0 7
16 10 6 1 4 2 3 6 5 7 0
16 9 7 1 0 4 3 6 5 2 7
16 9 7 1 4 3 0 6 5 2 7
18 11 7 1 4 2 0 6 5 7 3
19 12 7 1 4 2 3 0 5 7 6
19 13 6 1 4 2 3 5 0 7 6
20 13 7 0 4 2 3 6 5 7 1
19 12 7 1 4 3 2 6 5 0 7
19 13 6 1 4 3 2 6 5 7 0
21 14 7 1 0 2 3 5 4 7 6
21 15 6 1 2 0 3 5 4 7 6
21 16 5 1 2 3 0 5 4 7 6
23 17 6 1 2 3 6 5 4 7 0
24 18 6 0 2 3 1 5 4 7 6
25 19 6 1 2 3 5 0 4 7 6
27 22 5 1 0 3 5 2 4 7 6
27 23 4 1 3 0 5 2 4 7 6
26 24 2 1 3 5 0 2 4 7 6
28 27 1 1 3 5 7 2 4 0 6
28 28 0 1 3 5 7 2 4 6 0
