9 0 9 3 4 7 0 6 5 2 1
9 1 8 3 4 7 1 6 5 2 0
9 1 8 3 4 0 7 6 5 2 1
11 3 8 3 4 7 2 6 5 0 1
11 4 7 3 4 0 2 6 5 7 1
12 5 7 3 0 4 2 6 5 7 1
12 5 7 3 4 2 0 6 5 7 1
12 6 6 3 4 2 1 6 5 7 0
14 8 6 3 4 2 1 0 5 7 6
14 9 5 3 4 2 1 5 0 7 6
17 11 6 3 4 2 0 1 5 7 6
16 10 6 3 0 2 1 5 4 7 6
16 11 5 3 2 0 1 5 4 7 6
17 12 5 3 2 1 0 5 4 7 6
19 14 5 0 2 1 3 5 4 7 6
21 17 4 4 2 1 3 5 0 7 6
23 18 5 4 0 1 3 5 2 7 6
23 18 5 4 2 1 3 0 5 7 6
23 18 5 4 2 1 3 5 7 0 6
24 19 5 0 4 1 3 5 2 7 6
24 19 5 4 1 0 3 5 2 7 6
24 20 4 4 1 3 0 5 2 7 6
25 22 3 0 1 3 4 5 2 7 6
25 23 2 1 0 3 4 5 2 7 6
25 24 1 1 2 3 4 5 0 7 6
27 25 2 1 2 3 4 0 5 7 6
27 25 2 1 2 3 4 5 7 0 6
29 27 2 1 2 3 4 6 5 7 0
28 26 2 1 2 3 4 5 7 6 0
28 25 3 2 1 3 4 5 0 7 6
27 24 3 1 3 0 4 5 2 7 6
29 26 3 0 2 3 4 1 5 7 6
29 26 3 1 2 0 4 5 7 3 6
31 28 3 1 2 3 0 6 5 7 4
31 28 3 1 2 3 4 6 5 0 7
30 27 3 1 2 3 0 5 7 6 4
31 28 3 1 2 3 4 0 7 6 5
32 29 3 5 2 3 4 1 0 7 6
32 29 3 1 2 3 4 6 0 5 7
32 30 2 1 2 3 4 0 6 5 7
34 32 2 1 2 3 4 7 6 5 0
35 33 2 1 2 3 4 7 6 0 5
32 29 3 1 2 3 4 7 0 6 5
34 31 3 0 2 3 4 1 6 5 7
36 33 3 1 2 3 0 7 6 5 4
37 34 3 1 2 0 4 7 6 3 5
27 23 4 5 1 3 4 0 2 7 6
29 25 4 6 1 3 4 5 2 7 0
32 28 4 1 2 3 0 4 5 7 6
32 28 4 1 0 3 4 2 5 7 6
34 30 4 0 2 3 4 6 5 7 1
34 30 4 1 2 0 4 6 5 7 3
33 29 4 0 2 3 4 5 7 6 1
33 29 4 1 2 0 4 5 7 6 3
30 26 4 2 0 3 4 5 1 7 6
30 27 3 0 2 3 4 5 1 7 6
30 26 4 2 1 3 4 0 5 7 6
30 26 4 2 1 3 4 5 7 0 6
29 25 4 1 3 7 4 5 2 0 6
29 25 4 1 3 4 0 5 2 7 6
31 27 4 2 0 3 4 1 5 7 6
32 28 4 4 2 3 0 1 5 7 6
33 29 4 6 2 3 4 1 5 7 0
31 27 4 1 0 2 4 5 7 3 6
31 27 4 1 2 4 0 5 7 3 6
33 29 4 1 2 0 3 6 5 7 4
34 30 4 0 2 3 1 6 5 7 4
35 31 4 1 2 3 6 0 5 7 4
35 32 3 1 2 3 6 5 0 7 4
33 29 4 1 2 0 4 6 5 3 7
32 28 4 1 2 0 3 5 7 6 4
33 29 4 0 2 3 1 5 7 6 4
34 30 4 1 2 3 6 5 7 0 4
33 29 4 0 2 3 4 1 7 6 5
34 30 4 5 0 3 4 1 2 7 6
34 30 4 5 2 3 4 0 1 7 6
34 30 4 5 2 3 4 1 7 0 6
34 30 4 1 0 3 4 6 2 5 7
37 33 4 1 2 3 0 4 6 5 7
37 33 4 1 0 3 4 2 6 5 7
39 35 4 0 2 3 4 7 6 5 1
39 35 4 1 2 0 4 7 6 5 3
34 30 4 1 0 3 4 7 2 6 5
36 32 4 2 0 3 4 1 6 5 7
37 33 4 4 2 3 0 1 6 5 7
38 34 4 7 2 3 4 1 6 5 0
38 34 4 1 2 0 3 7 6 5 4
39 35 4 0 2 3 1 7 6 5 4
40 36 4 1 2 3 7 0 6 5 4
40 36 4 1 2 3 5 7 6 0 4
39 35 4 1 0 2 4 7 6 3 5
39 35 4 1 2 4 0 7 6 3 5
29 25 4 5 1 3 4 6 2 7 0
37 33 4 5 2 3 4 6 0 7 1
37 34 3 5 2 3 4 0 6 7 1
37 35 2 0 2 3 4 5 6 7 1
38 38 0 1 2 3 4 5 6 7 0
