0 0 3 4 7 0 6 5 2 1
2 3 3 4 7 2 6 5 0 1
7 1 3 4 0 2 6 5 7 1
2 1 3 4 2 0 6 5 7 1
1 1 3 4 2 1 6 5 7 0
6 2 3 4 2 1 0 5 7 6
5 1 3 4 2 1 5 0 7 6
4 1 3 0 2 1 5 4 7 6
2 1 3 2 0 1 5 4 7 6
1 1 3 2 1 0 5 4 7 6
3 2 0 2 1 3 5 4 7 6
4 3 4 2 1 3 5 0 7 6
2 1 4 0 1 3 5 2 7 6
1 1 4 1 0 3 5 2 7 6
3 1 4 1 3 0 5 2 7 6
4 2 0 1 3 4 5 2 7 6
1 1 1 0 3 4 5 2 7 6
2 1 1 2 3 4 5 0 7 6
5 1 1 2 3 4 0 5 7 6
6 2 1 2 3 4 6 5 7 0
1 3 0 2 3 4 6 5 7 1
5 3 5 2 3 4 6 0 7 1
6 1 5 2 3 4 0 6 7 1
5 1 0 2 3 4 5 6 7 1
1 3 1 2 3 4 5 6 7 0
38 0.14