8 0 8 7 3 1 5 2 0 4 6
8 1 7 7 3 1 5 2 4 0 6
7 2 5 7 3 1 5 2 4 6 0
9 5 4 0 3 1 5 2 4 6 7
8 3 5 7 3 1 0 2 4 6 5
9 5 4 0 3 1 7 2 4 6 5
12 8 4 5 3 1 7 2 4 6 0
11 6 5 2 3 1 5 0 4 6 7
11 6 5 3 0 1 5 2 4 6 7
11 7 4 3 1 0 5 2 4 6 7
11 8 3 3 1 5 0 2 4 6 7
11 9 2 3 1 5 7 2 4 6 0
13 10 3 3 1 5 7 2 4 0 6
14 11 3 3 1 5 7 0 4 6 2
15 12 3 0 1 5 7 2 4 6 3
16 13 3 1 0 5 7 2 4 6 3
14 10 4 0 1 5 3 2 4 6 7
14 11 3 1 0 5 3 2 4 6 7
15 11 4 3 1 5 2 0 4 6 7
16 12 4 3 1 0 7 2 4 6 5
15 11 4 3 1 0 7 2 4 5 6
15 11 4 3 1 5 7 2 0 4 6
18 14 4 1 4 5 7 2 0 6 3
18 14 4 1 5 0 7 2 4 6 3
16 12 4 1 4 5 3 2 0 6 7
16 12 4 1 5 0 3 2 4 6 7
16 13 3 1 5 3 0 2 4 6 7
16 14 2 1 5 3 7 2 4 6 0
18 15 3 1 5 3 7 2 4 0 6
19 16 3 1 5 3 7 0 4 6 2
20 17 3 0 5 3 7 2 4 6 1
19 15 4 0 5 3 1 2 4 6 7
20 16 4 1 5 3 2 0 4 6 7
20 16 4 1 5 0 7 2 4 3 6
20 17 3 1 0 5 7 2 4 3 6
20 16 4 1 5 3 7 2 0 4 6
22 18 4 1 4 5 7 2 0 3 6
22 19 3 1 4 5 7 2 3 0 6
22 20 2 1 4 5 7 2 3 6 0
24 21 3 1 4 5 0 2 3 6 7
25 22 3 1 4 5 7 0 3 6 2
26 23 3 0 4 5 7 2 3 6 1
22 18 4 0 1 5 7 2 4 3 6
24 20 4 1 4 0 7 2 3 5 6
27 23 4 1 4 0 7 2 3 6 5
26 22 4 1 4 0 5 2 3 6 7
27 23 4 0 4 5 1 2 3 6 7
28 24 4 1 4 5 2 0 3 6 7
12 7 5 5 3 1 0 2 4 6 7
11 6 5 2 3 1 7 0 4 6 5
11 6 5 3 0 1 7 2 4 6 5
14 9 5 5 3 1 7 2 4 0 6
15 10 5 5 3 1 7 0 4 6 2
13 8 5 3 1 6 5 2 4 0 7
16 11 5 3 1 5 6 2 4 0 7
17 12 5 0 1 5 7 3 4 6 2
19 15 4 2 1 5 7 3 4 6 0
19 14 5 3 0 5 7 1 4 6 2
18 15 3 0 3 5 7 1 4 6 2
17 16 1 1 3 5 7 0 4 6 2
18 18 0 1 3 5 7 2 4 6 0
