9 0 9 5 7 3 4 0 6 1 2
8 1 7 0 7 3 4 5 6 1 2
10 4 6 2 7 3 4 5 6 1 0
12 5 7 2 7 3 0 5 6 1 4
12 5 7 2 7 3 4 5 6 0 1
13 6 7 2 7 3 4 0 6 1 5
15 8 7 2 7 3 1 5 6 0 4
10 2 8 5 7 3 4 2 6 1 0
15 7 8 2 7 0 4 5 6 1 3
15 8 7 2 7 1 4 5 6 0 3
15 9 6 2 7 1 4 5 6 3 0
15 8 7 2 0 7 4 5 6 1 3
15 9 6 0 2 7 4 5 6 1 3
18 12 6 3 2 7 4 5 6 1 0
21 15 6 3 2 0 4 5 6 1 7
21 16 5 3 2 1 4 5 6 0 7
21 17 4 3 2 1 4 5 6 7 0
24 20 4 0 2 1 4 5 6 7 3
23 18 5 3 2 1 0 5 6 7 4
24 20 4 0 2 1 3 5 6 7 4
24 19 5 3 2 1 4 0 6 7 5
26 21 5 5 2 1 4 0 6 7 3
26 21 5 2 0 1 4 5 6 7 3
26 22 4 2 1 0 4 5 6 7 3
27 22 5 4 2 1 0 5 6 7 3
26 21 5 5 2 1 3 0 6 7 4
26 21 5 2 0 1 3 5 6 7 4
26 22 4 2 1 0 3 5 6 7 4
26 23 3 2 1 3 0 5 6 7 4
26 24 2 2 1 3 4 5 6 7 0
28 25 3 2 1 3 4 5 6 0 7
29 26 3 2 1 3 4 0 6 7 5
30 27 3 0 1 3 4 5 6 7 2
31 28 3 1 0 3 4 5 6 7 2
29 25 4 0 1 3 2 5 6 7 4
29 26 3 1 0 3 2 5 6 7 4
30 26 4 2 1 3 5 0 6 7 4
30 26 4 2 1 0 4 5 6 3 7
30 26 4 2 1 3 4 5 0 6 7
33 29 4 1 6 3 4 5 0 7 2
33 29 4 1 3 0 4 5 6 7 2
31 27 4 1 6 3 2 5 0 7 4
31 27 4 1 3 0 2 5 6 7 4
31 28 3 1 3 2 0 5 6 7 4
31 29 2 1 3 2 4 5 6 7 0
33 30 3 1 3 2 4 5 6 0 7
34 31 3 1 3 2 4 0 6 7 5
35 32 3 0 3 2 4 5 6 7 1
34 30 4 0 3 2 1 5 6 7 4
35 31 4 1 3 2 5 0 6 7 4
35 31 4 1 3 0 4 5 6 2 7
35 32 3 1 0 3 4 5 6 2 7
35 31 4 1 3 2 4 5 0 6 7
37 33 4 1 6 3 4 5 0 2 7
37 34 3 1 6 3 4 5 2 0 7
37 35 2 1 6 3 4 5 2 7 0
39 36 3 1 6 3 0 5 2 7 4
40 37 3 1 6 3 4 0 2 7 5
41 38 3 0 6 3 4 5 2 7 1
37 33 4 0 1 3 4 5 6 2 7
39 35 4 1 6 0 4 5 2 3 7
42 38 4 1 6 0 4 5 2 7 3
41 37 4 1 6 0 3 5 2 7 4
42 38 4 0 6 3 1 5 2 7 4
43 39 4 1 6 3 5 0 2 7 4
28 23 5 4 2 1 3 5 6 7 0
28 23 5 2 1 7 4 5 6 0 3
28 24 4 2 1 7 4 5 6 3 0
28 23 5 2 1 4 0 5 6 7 3
28 24 4 2 1 4 3 5 6 7 0
28 23 5 2 1 7 3 5 6 0 4
31 26 5 2 1 3 7 5 6 0 4
32 27 5 0 1 3 4 2 6 7 5
34 30 4 5 1 3 4 2 6 7 0
34 29 5 2 0 3 4 1 6 7 5
33 30 3 0 2 3 4 1 6 7 5
32 31 1 1 2 3 4 0 6 7 5
33 33 0 1 2 3 4 5 6 7 0
