7 0 7 5 7 3 4 0 6 1 2
7 1 6 0 7 3 4 5 6 1 2
9 4 5 2 7 3 4 5 6 1 0
10 5 5 2 7 3 4 5 6 0 1
9 3 6 5 0 3 4 7 6 1 2
8 2 6 7 0 3 4 5 6 1 2
11 5 6 2 7 3 0 5 6 1 4
13 8 5 2 7 3 1 5 6 0 4
12 6 6 2 7 3 4 0 6 1 5
14 9 5 2 0 3 4 7 6 1 5
14 10 4 0 2 3 4 7 6 1 5
17 13 4 5 2 3 4 7 6 1 0
18 14 4 5 2 3 4 7 6 0 1
19 15 4 5 2 3 4 0 6 1 7
19 16 3 0 2 3 4 5 6 1 7
21 17 4 2 0 3 4 5 6 1 7
22 18 4 4 2 3 0 5 6 1 7
24 21 3 4 2 3 1 5 6 0 7
24 22 2 4 2 3 1 5 6 7 0
27 25 2 0 2 3 1 5 6 7 4
28 27 1 1 2 3 0 5 6 7 4
28 28 0 1 2 3 4 5 6 7 0
