11 0 11 7 3 4 0 5 6 2 1
9 2 7 0 3 4 7 5 6 2 1
11 5 6 1 3 4 7 5 6 2 0
11 6 5 1 3 4 0 5 6 2 7
11 7 4 1 3 0 4 5 6 2 7
11 8 3 1 3 2 4 5 6 0 7
11 9 2 1 3 2 4 5 6 7 0
11 8 3 1 0 3 4 5 6 2 7
13 10 3 1 3 2 0 5 6 7 4
14 11 3 1 3 2 4 0 6 7 5
15 12 3 0 3 2 4 5 6 7 1
13 9 4 1 3 2 4 5 0 6 7
16 12 4 1 3 0 4 5 6 7 2
16 13 3 1 0 3 4 5 6 7 2
17 14 3 0 1 3 4 5 6 7 2
19 17 2 2 1 3 4 5 6 7 0
21 18 3 2 1 3 0 5 6 7 4
21 18 3 2 1 3 4 5 6 0 7
22 19 3 2 1 3 4 0 6 7 5
13 9 4 1 6 3 4 5 0 2 7
13 10 3 1 6 3 4 5 2 0 7
13 11 2 1 6 3 4 5 2 7 0
15 12 3 1 6 3 0 5 2 7 4
16 13 3 1 6 3 4 0 2 7 5
17 14 3 0 6 3 4 5 2 7 1
13 9 4 0 1 3 4 5 6 2 7
15 11 4 1 3 0 2 5 6 7 4
15 12 3 1 0 3 2 5 6 7 4
16 12 4 0 3 2 1 5 6 7 4
17 13 4 1 3 2 5 0 6 7 4
18 14 4 1 6 3 4 5 0 7 2
24 20 4 2 1 0 4 5 6 7 3
23 19 4 2 1 0 3 5 6 7 4
24 20 4 0 1 3 2 5 6 7 4
25 21 4 2 1 3 5 0 6 7 4
23 19 4 2 1 0 4 5 6 3 7
23 19 4 2 1 3 4 5 0 6 7
15 11 4 1 6 0 4 5 2 3 7
18 14 4 1 6 0 4 5 2 7 3
17 13 4 1 6 0 3 5 2 7 4
18 14 4 0 6 3 1 5 2 7 4
19 15 4 1 6 3 5 0 2 7 4
17 13 4 1 6 3 2 5 0 7 4
14 9 5 1 3 4 2 5 6 0 7
14 10 4 1 3 4 2 5 6 7 0
18 13 5 1 3 2 7 5 6 0 4
17 12 5 0 3 2 4 1 6 7 5
19 15 4 5 3 2 4 1 6 7 0
18 13 5 5 3 2 4 0 6 7 1
15 10 5 1 0 2 4 5 3 6 7
15 11 4 1 2 0 4 5 3 6 7
15 10 5 1 3 2 4 0 5 6 7
18 13 5 1 3 7 4 5 6 0 2
18 14 4 1 3 7 4 5 6 2 0
18 13 5 1 3 4 0 5 6 7 2
20 15 5 5 1 3 4 0 6 7 2
21 17 4 5 1 3 4 2 6 7 0
21 16 5 4 1 3 0 5 6 7 2
26 21 5 2 1 3 7 5 6 0 4
25 20 5 0 1 3 4 2 6 7 5
27 22 5 2 0 3 4 1 6 7 5
26 23 3 0 2 3 4 1 6 7 5
25 24 1 1 2 3 4 0 6 7 5
26 26 0 1 2 3 4 5 6 7 0
