8 0 8 7 3 4 0 5 6 2 1
8 1 7 7 3 4 1 5 6 2 0
10 4 6 0 3 4 1 5 6 2 7
11 6 5 1 3 4 0 5 6 2 7
11 7 4 1 3 0 4 5 6 2 7
11 8 3 1 3 2 4 5 6 0 7
11 9 2 1 3 2 4 5 6 7 0
11 8 3 1 0 3 4 5 6 2 7
13 10 3 1 3 2 0 5 6 7 4
14 11 3 1 3 2 4 0 6 7 5
15 12 3 1 3 0 4 5 6 7 2
15 13 2 1 0 3 4 5 6 7 2
14 11 3 1 3 0 2 5 6 7 4
14 12 2 1 0 3 2 5 6 7 4
17 14 3 1 6 3 4 5 0 7 2
17 14 3 0 1 3 4 5 6 7 2
19 17 2 2 1 3 4 5 6 7 0
16 13 3 1 6 3 2 5 0 7 4
16 13 3 0 1 3 2 5 6 7 4
21 18 3 2 1 3 0 5 6 7 4
21 18 3 2 1 3 4 5 6 0 7
22 19 3 2 1 3 4 0 6 7 5
19 16 3 4 1 3 2 5 6 7 0
25 22 3 2 0 3 4 1 6 7 5
25 23 2 0 2 3 4 1 6 7 5
25 24 1 1 2 3 4 0 6 7 5
26 26 0 1 2 3 4 5 6 7 0
