10 0 10 4 1 6 3 2 7 5 0
12 1 11 4 1 6 0 2 7 5 3
12 1 11 4 1 6 3 2 7 0 5
12 2 10 4 1 0 3 2 7 6 5
12 2 10 4 1 6 3 2 0 7 5
12 3 9 4 1 3 0 2 7 6 5
12 3 9 4 1 6 3 0 2 7 5
12 4 8 4 1 3 5 2 7 6 0
12 5 7 0 1 3 4 2 7 6 5
11 6 5 2 1 3 4 0 7 6 5
12 5 7 4 1 6 3 5 2 7 0
12 8 4 2 1 3 4 5 7 6 0
13 2 11 4 1 6 3 0 7 5 2
13 3 10 0 1 6 3 2 7 5 4
13 3 10 4 1 0 3 2 7 5 6
13 3 10 0 1 6 4 2 7 5 3
13 6 7 1 0 3 4 2 7 6 5
13 6 7 4 1 6 0 5 2 7 3
13 4 9 2 1 6 3 0 7 5 4
13 4 9 1 0 6 3 2 7 5 4
13 4 9 4 1 5 3 2 7 0 6
13 4 9 4 1 3 0 2 7 5 6
13 4 9 2 1 6 4 0 7 5 3
13 4 9 1 0 6 4 2 7 5 3
13 5 8 1 7 6 3 2 0 5 4
13 5 8 1 6 0 3 2 7 5 4
13 5 8 4 1 5 3 2 0 7 6
13 5 8 4 1 5 3 2 7 6 0
13 5 8 1 6 0 4 2 7 5 3
13 6 7 1 6 3 0 2 7 5 4
13 7 6 1 6 3 4 2 7 5 0
14 2 12 4 1 0 6 2 7 5 3
14 3 11 4 0 1 3 2 7 6 5
14 3 11 4 0 6 3 2 1 7 5
13 4 9 0 4 6 3 2 1 7 5
14 4 10 0 1 6 3 4 2 7 5
14 5 9 4 1 3 5 2 7 0 6
14 8 6 5 1 3 4 2 7 6 0
14 8 6 0 1 6 3 5 2 7 4
14 9 5 2 1 3 0 5 7 6 4
14 9 5 2 1 3 4 5 7 0 6
14 3 11 0 1 6 3 4 7 5 2
14 5 9 3 1 6 0 2 7 5 4
14 8 6 0 1 6 4 5 2 7 3
14 6 8 0 1 3 4 2 7 5 6
14 3 11 4 1 5 6 2 7 0 3
14 4 10 4 7 1 3 2 0 6 5
14 4 10 0 4 1 3 2 7 6 5
14 5 9 2 4 6 3 0 1 7 5
14 6 8 3 4 6 0 2 1 7 5
14 5 9 1 0 6 3 4 2 7 5
14 6 8 3 1 6 0 4 2 7 5
14 6 8 4 1 3 5 2 0 7 6
14 9 5 1 0 6 3 5 2 7 4
14 10 4 2 1 3 4 5 0 7 6
14 9 5 1 0 6 4 5 2 7 3
14 7 7 2 1 3 4 0 7 5 6
14 7 7 1 0 3 4 2 7 5 6
14 4 10 4 1 5 6 2 0 7 3
14 4 10 4 1 5 6 2 7 3 0
14 5 9 2 4 1 3 0 7 6 5
14 10 4 1 2 6 3 5 0 7 4
14 10 4 1 6 0 3 5 2 7 4
14 10 4 1 2 6 4 5 0 7 3
14 10 4 1 6 0 4 5 2 7 3
14 5 9 4 1 5 0 2 7 3 6
14 11 3 1 6 3 0 5 2 7 4
14 12 2 1 6 3 4 5 2 7 0
15 4 11 4 1 6 5 2 7 0 3
15 6 9 4 1 3 2 0 7 6 5
15 6 9 4 1 3 5 0 7 6 2
15 7 8 0 1 3 5 2 7 6 4
14 8 6 2 1 3 5 0 7 6 4
15 7 8 2 1 3 4 7 0 6 5
15 6 9 4 1 6 3 5 2 0 7
15 4 11 4 0 1 3 2 7 5 6
15 7 8 1 7 3 4 2 0 6 5
13 8 5 1 7 3 4 0 2 6 5
14 10 4 1 7 3 4 5 2 6 0
15 7 8 1 3 0 4 2 7 6 5
15 5 10 2 1 6 3 7 0 5 4
15 5 10 4 1 3 6 2 7 5 0
15 5 10 2 1 6 4 7 0 5 3
15 5 10 1 7 6 4 2 0 5 3
15 6 9 1 7 6 3 0 2 5 4
15 6 9 1 7 6 3 2 5 0 4
15 6 9 1 6 5 3 2 7 0 4
15 6 9 4 0 5 3 2 1 7 6
14 7 7 0 4 5 3 2 1 7 6
15 6 9 4 1 5 3 0 2 7 6
15 6 9 1 6 5 4 2 7 0 3
15 6 9 1 6 4 0 2 7 5 3
15 8 7 1 6 3 4 2 7 0 5
15 7 8 1 4 6 3 2 0 7 5
15 7 8 5 1 6 3 4 2 7 0
15 4 11 1 0 6 3 4 7 5 2
15 6 9 3 4 1 0 2 7 6 5
15 7 8 2 4 6 3 5 1 7 0
15 7 8 3 4 6 5 2 1 7 0
15 7 8 3 1 6 5 4 2 7 0
15 7 8 4 1 3 5 0 2 7 6
15 9 6 2 1 3 4 6 7 5 0
15 7 8 2 4 1 3 5 7 6 0
15 5 10 4 1 0 5 2 7 6 3
15 5 10 4 1 6 5 2 0 7 3
15 5 10 4 1 6 5 2 7 3 0
15 8 7 4 1 3 2 5 7 6 0
15 8 7 1 0 3 5 2 7 6 4
15 8 7 2 1 3 4 7 6 0 5
15 7 8 4 1 0 3 5 2 6 7
13 8 5 4 1 3 0 5 2 6 7
14 10 4 0 1 3 4 5 2 6 7
14 11 3 1 0 3 4 5 2 6 7
14 12 2 1 2 3 4 5 0 6 7
14 13 1 1 2 3 4 5 6 0 7
14 14 0 1 2 3 4 5 6 7 0
