10 0 10 4 1 6 3 2 7 5 0
13 3 10 0 1 6 3 2 7 5 4
13 4 9 2 1 6 3 0 7 5 4
13 4 9 1 0 6 3 2 7 5 4
13 5 8 1 7 6 3 2 0 5 4
13 5 8 1 6 0 3 2 7 5 4
13 6 7 1 6 3 0 2 7 5 4
13 7 6 1 6 3 4 2 7 5 0
16 9 7 1 6 3 2 0 7 5 4
15 8 7 1 6 3 4 2 7 0 5
15 9 6 1 6 3 4 2 0 7 5
13 10 3 1 6 3 4 0 2 7 5
14 12 2 1 6 3 4 5 2 7 0
16 13 3 1 6 3 0 5 2 7 4
16 13 3 1 6 3 4 5 2 0 7
18 15 3 0 6 3 4 5 2 7 1
19 15 4 1 6 0 4 5 2 7 3
18 14 4 1 6 0 3 5 2 7 4
19 15 4 0 6 3 1 5 2 7 4
20 16 4 1 6 3 5 0 2 7 4
18 14 4 1 6 0 4 5 2 3 7
18 14 4 1 6 3 4 5 0 2 7
18 15 3 1 0 3 4 5 6 2 7
20 16 4 0 1 3 4 5 6 2 7
20 16 4 1 3 0 4 5 6 2 7
20 17 3 1 3 2 4 5 6 0 7
20 18 2 1 3 2 4 5 6 7 0
22 19 3 1 3 2 0 5 6 7 4
23 20 3 1 3 2 4 0 6 7 5
24 21 3 0 3 2 4 5 6 7 1
22 18 4 1 3 2 4 5 0 6 7
25 21 4 1 3 0 4 5 6 7 2
25 22 3 1 0 3 4 5 6 7 2
26 23 3 0 1 3 4 5 6 7 2
28 26 2 2 1 3 4 5 6 7 0
30 27 3 2 1 3 0 5 6 7 4
30 27 3 2 1 3 4 5 6 0 7
31 28 3 2 1 3 4 0 6 7 5
24 20 4 1 3 0 2 5 6 7 4
24 21 3 1 0 3 2 5 6 7 4
25 21 4 0 3 2 1 5 6 7 4
26 22 4 1 3 2 5 0 6 7 4
27 23 4 1 6 3 4 5 0 7 2
33 29 4 2 1 0 4 5 6 7 3
32 28 4 2 1 0 3 5 6 7 4
33 29 4 0 1 3 2 5 6 7 4
34 30 4 2 1 3 5 0 6 7 4
32 28 4 2 1 0 4 5 6 3 7
32 28 4 2 1 3 4 5 0 6 7
26 22 4 1 6 3 2 5 0 7 4
15 10 5 1 0 3 4 2 6 7 5
16 11 5 0 6 3 4 1 2 7 5
18 14 4 5 6 3 4 1 2 7 0
18 13 5 1 0 3 4 6 2 7 5
18 14 4 1 2 3 4 6 0 7 5
16 15 1 1 2 3 4 0 6 7 5
17 17 0 1 2 3 4 5 6 7 0
