12 0 12 5 7 2 1 6 4 3 0
14 1 13 5 7 2 0 6 4 3 1
14 1 13 5 7 2 1 6 4 0 3
14 2 12 5 7 2 1 0 4 3 6
13 3 10 0 7 2 1 5 4 3 6
14 3 11 0 7 2 1 6 4 3 5
14 3 11 0 7 2 5 6 4 3 1
14 2 12 5 7 2 1 6 0 4 3
13 3 10 5 7 2 1 0 6 4 3
12 4 8 0 7 2 1 5 6 4 3
12 6 6 1 7 2 0 5 6 4 3
13 7 6 1 7 2 3 5 6 4 0
13 8 5 1 7 2 3 5 6 0 4
14 5 9 1 7 2 0 5 4 3 6
14 3 11 5 0 2 1 6 7 4 3
14 6 8 5 7 2 0 1 6 4 3
14 9 5 1 7 2 4 5 6 0 3
14 4 10 0 5 2 1 6 7 4 3
14 4 10 5 2 0 1 6 7 4 3
13 5 8 5 2 1 0 6 7 4 3
14 10 4 1 7 2 4 5 6 3 0
14 6 8 1 5 2 0 6 7 4 3
14 5 9 5 2 4 1 6 7 0 3
14 6 8 5 2 1 3 6 7 4 0
14 6 8 5 2 4 1 6 0 7 3
13 7 6 5 2 4 1 0 6 7 3
12 8 4 0 2 4 1 5 6 7 3
13 10 3 1 2 4 0 5 6 7 3
13 11 2 1 2 4 3 5 6 7 0
13 11 2 1 2 0 4 5 6 7 3
14 6 8 5 2 4 1 6 7 3 0
14 7 7 5 2 1 3 6 7 0 4
14 8 6 5 2 1 3 6 0 7 4
14 9 5 5 2 1 3 0 6 7 4
14 10 4 0 2 1 3 5 6 7 4
15 7 8 1 7 0 2 5 6 4 3
15 9 6 1 7 0 3 5 6 2 4
15 9 6 1 7 2 3 5 0 6 4
15 7 8 5 7 2 3 1 6 4 0
15 8 7 5 2 1 4 6 7 0 3
15 7 8 1 5 2 3 6 7 4 0
15 10 5 5 2 4 0 1 6 7 3
15 12 3 1 2 4 3 5 6 0 7
15 12 3 1 2 7 4 5 6 0 3
15 12 3 1 0 2 4 5 6 7 3
15 8 7 1 7 4 2 5 6 0 3
15 8 7 1 0 7 2 5 6 4 3
15 10 5 1 0 7 3 5 6 2 4
15 10 5 1 7 3 0 5 6 2 4
15 10 5 1 0 2 3 5 7 6 4
15 8 7 5 7 2 3 1 6 0 4
15 9 6 5 2 1 4 6 0 7 3
15 9 6 5 2 1 4 6 7 3 0
15 8 7 1 5 2 3 6 7 0 4
15 11 4 5 2 4 3 1 6 7 0
15 11 4 5 2 0 4 1 6 7 3
15 13 2 1 2 7 4 5 6 3 0
15 9 6 1 7 4 2 5 6 3 0
15 11 4 1 7 3 4 5 6 2 0
15 11 4 1 2 0 3 5 7 6 4
15 10 5 5 2 1 4 0 6 7 3
15 9 6 1 5 2 3 6 0 7 4
14 10 4 1 5 2 3 0 6 7 4
15 12 3 1 2 3 0 5 7 6 4
15 11 4 0 2 1 4 5 6 7 3
15 10 5 1 0 2 3 6 5 7 4
15 13 2 1 2 3 4 5 7 6 0
15 11 4 1 2 0 3 6 5 7 4
15 12 3 1 2 3 0 6 5 7 4
15 13 2 1 2 3 4 6 5 7 0
16 2 14 5 7 0 2 6 4 3 1
16 4 12 5 7 2 6 0 4 3 1
16 2 14 5 7 0 1 6 4 2 3
16 5 11 5 7 2 0 1 4 3 6
16 4 12 6 7 2 1 0 4 3 5
16 5 11 1 7 2 0 6 4 3 5
16 4 12 6 7 2 5 0 4 3 1
16 6 10 1 7 2 5 6 4 3 0
16 5 11 7 0 2 1 5 6 4 3
16 9 7 1 7 2 3 0 6 4 5
16 6 10 1 7 2 6 5 4 3 0
16 6 10 1 7 0 2 5 4 3 6
16 9 7 5 7 2 4 1 6 0 3
16 10 6 1 7 0 4 5 6 2 3
16 10 6 1 7 2 4 5 0 6 3
16 5 11 6 5 2 1 0 7 4 3
16 11 5 1 7 2 0 5 6 3 4
16 9 7 1 5 2 4 6 7 0 3
16 7 9 5 0 4 1 6 2 7 3
16 9 7 2 0 4 1 5 6 7 3
16 13 3 1 2 4 3 0 6 7 5
16 7 9 5 2 4 0 6 7 3 1
16 8 8 5 2 4 1 0 7 3 6
15 9 6 0 2 4 1 5 7 3 6
16 9 7 0 2 4 1 6 7 3 5
16 8 8 5 2 0 3 6 7 1 4
16 9 7 5 0 1 3 6 2 7 4
16 11 5 2 0 1 3 5 6 7 4
16 13 3 1 0 2 3 5 6 7 4
16 3 13 5 7 3 2 6 4 0 1
16 3 13 5 0 7 2 6 4 3 1
13 4 9 0 5 7 2 6 4 3 1
15 5 10 6 5 7 2 0 4 3 1
16 5 11 0 7 2 6 5 4 3 1
16 3 13 5 0 7 1 6 4 2 3
13 4 9 0 5 7 1 6 4 2 3
15 6 9 1 5 7 0 6 4 2 3
15 7 8 1 5 7 3 6 4 2 0
15 7 8 1 5 0 7 6 4 2 3
15 8 7 1 0 5 7 6 4 2 3
16 3 13 5 7 1 0 6 4 2 3
16 6 10 7 2 0 1 5 6 4 3
15 7 8 7 2 1 0 5 6 4 3
15 8 7 7 2 1 3 5 6 4 0
16 7 9 1 7 3 2 5 4 0 6
16 7 9 1 0 7 2 5 4 3 6
16 10 6 5 7 2 4 1 6 3 0
16 11 5 1 0 7 4 5 6 2 3
16 11 5 1 0 2 4 5 7 6 3
16 10 6 1 5 2 4 6 0 7 3
15 11 4 1 5 2 4 0 6 7 3
16 10 6 1 5 2 4 6 7 3 0
16 8 8 0 5 4 1 6 2 7 3
16 8 8 5 2 0 4 6 7 3 1
16 9 7 0 2 4 5 6 7 3 1
16 11 5 1 2 4 0 5 7 3 6
16 9 7 5 2 3 0 6 7 1 4
16 10 6 5 1 0 3 6 2 7 4
16 12 4 2 1 0 3 5 6 7 4
16 14 2 1 2 0 3 5 6 7 4
16 4 12 5 7 3 2 6 0 4 1
14 5 9 5 7 3 2 0 6 4 1
13 6 7 0 7 3 2 5 6 4 1
15 7 8 5 7 3 2 1 6 4 0
15 9 6 1 7 3 2 5 6 4 0
15 8 7 5 7 3 2 1 6 0 4
15 10 5 1 7 3 2 5 6 0 4
16 4 12 5 7 3 2 6 4 1 0
16 4 12 5 4 7 2 6 0 3 1
14 5 9 5 4 7 2 0 6 3 1
13 6 7 0 4 7 2 5 6 3 1
15 7 8 5 4 7 2 1 6 3 0
15 9 6 1 4 7 2 5 6 3 0
16 4 12 5 4 7 1 6 0 2 3
15 5 10 5 4 7 1 0 6 2 3
14 6 8 0 4 7 1 5 6 2 3
15 8 7 1 4 7 0 5 6 2 3
15 9 6 1 4 7 3 5 6 2 0
16 9 7 1 5 7 3 0 4 2 6
16 9 7 0 1 5 7 6 4 2 3
16 4 12 5 7 1 3 6 4 2 0
16 5 11 0 7 1 5 6 4 2 3
16 7 9 7 2 4 1 5 6 0 3
15 8 7 7 2 4 1 5 6 3 0
15 11 4 0 2 4 1 5 6 3 7
16 9 7 7 2 1 3 5 6 0 4
16 8 8 1 7 3 2 5 0 4 6
16 8 8 1 7 3 2 5 4 6 0
16 8 8 1 4 7 2 5 0 3 6
16 12 4 1 2 0 4 5 7 6 3
16 11 5 1 0 2 4 6 5 7 3
16 16 0 1 2 3 4 5 6 7 0
