12 0 12 5 7 2 1 6 4 3 0
14 3 11 0 7 2 1 6 4 3 5
16 5 11 1 7 2 0 6 4 3 5
16 6 10 1 7 2 5 6 4 3 0
17 8 9 1 7 2 5 0 4 3 6
20 11 9 1 7 2 0 5 4 3 6
23 14 9 1 7 2 3 5 4 0 6
23 15 8 1 7 2 3 5 0 4 6
23 16 7 1 0 2 3 5 7 4 6
23 17 6 1 2 0 3 5 7 4 6
22 18 4 1 2 3 0 5 7 4 6
24 21 3 1 2 3 4 5 7 0 6
24 22 2 1 2 3 4 5 0 7 6
24 22 2 1 2 3 4 5 7 6 0
26 23 3 1 0 3 4 5 2 7 6
26 23 3 1 2 3 4 0 5 7 6
27 25 2 1 2 3 4 6 5 7 0
26 23 3 1 2 3 0 5 7 6 4
27 24 3 1 2 3 4 0 7 6 5
28 25 3 0 2 3 4 5 7 6 1
29 26 3 1 2 3 0 6 5 7 4
29 26 3 1 2 3 4 6 5 0 7
31 28 3 0 2 3 4 6 5 7 1
26 22 4 1 2 0 4 5 7 3 6
29 25 4 1 2 0 4 5 7 6 3
28 24 4 0 1 3 4 5 2 7 6
28 24 4 1 3 0 4 5 2 7 6
28 24 4 0 2 3 4 1 5 7 6
30 26 4 1 2 3 0 4 5 7 6
32 28 4 1 2 0 4 6 5 7 3
28 24 4 1 2 0 3 5 7 6 4
29 25 4 0 2 3 1 5 7 6 4
30 26 4 1 2 3 5 0 7 6 4
31 27 4 1 2 0 3 6 5 7 4
32 28 4 0 2 3 1 6 5 7 4
33 29 4 1 2 3 6 0 5 7 4
31 27 4 1 2 0 4 6 5 3 7
31 27 4 1 2 3 4 6 0 5 7
31 28 3 1 2 3 4 0 6 5 7
31 27 4 6 1 3 4 5 2 7 0
31 27 4 2 1 3 4 5 0 7 6
31 27 4 6 2 3 4 1 5 7 0
31 27 4 5 2 3 4 1 0 7 6
34 30 4 1 2 3 6 5 0 7 4
33 29 4 0 2 3 4 1 6 5 7
34 30 4 1 2 3 4 7 6 5 0
35 31 4 1 2 3 0 4 6 5 7
23 18 5 1 2 4 3 5 7 0 6
23 19 4 1 2 4 3 5 0 7 6
23 19 4 1 2 4 3 5 7 6 0
31 26 5 1 0 3 4 2 5 7 6
31 26 5 1 2 3 6 5 7 0 4
30 25 5 0 2 3 4 1 7 6 5
32 28 4 5 2 3 4 1 7 6 0
31 26 5 5 2 3 4 0 7 6 1
34 29 5 1 2 3 7 6 5 0 4
34 29 5 6 2 3 4 0 5 7 1
28 23 5 1 0 2 4 5 7 3 6
28 23 5 1 2 4 0 5 7 3 6
31 26 5 1 2 6 4 5 7 0 3
31 27 4 1 2 6 4 5 0 7 3
31 27 4 1 2 6 4 5 7 3 0
31 26 5 1 0 2 4 5 7 6 3
31 26 5 1 2 4 0 5 7 6 3
30 25 5 5 1 3 4 0 2 7 6
31 27 4 5 1 3 4 6 2 7 0
31 26 5 4 1 3 0 5 2 7 6
30 25 5 1 3 7 4 5 2 0 6
30 26 4 1 3 7 4 5 2 6 0
33 29 4 1 3 0 4 5 2 6 7
33 30 3 1 0 3 4 5 2 6 7
33 31 2 1 2 3 4 5 0 6 7
33 32 1 1 2 3 4 5 6 0 7
33 33 0 1 2 3 4 5 6 7 0
