8 0 8 5 7 2 1 6 4 3 0
10 3 7 5 7 0 1 6 4 3 2
10 4 6 5 7 3 1 6 4 0 2
11 5 6 5 7 3 1 6 4 2 0
13 7 6 5 7 3 1 0 4 2 6
16 10 6 5 7 3 0 1 4 2 6
17 11 6 5 7 0 3 1 4 2 6
18 12 6 0 7 3 5 1 4 2 6
18 13 5 1 7 3 5 0 4 2 6
20 15 5 1 7 3 5 6 4 2 0
21 16 5 1 7 3 5 6 4 0 2
18 12 6 5 0 7 3 1 4 2 6
19 13 6 7 0 3 5 1 4 2 6
19 14 5 7 3 0 5 1 4 2 6
19 15 4 7 3 5 0 1 4 2 6
20 17 3 0 3 5 7 1 4 2 6
20 18 2 1 3 5 7 0 4 2 6
22 20 2 1 3 5 7 6 4 2 0
23 21 2 1 3 5 7 6 4 0 2
22 19 3 1 3 5 7 4 0 2 6
24 21 3 1 3 5 0 6 4 2 7
25 22 3 1 3 0 7 6 4 5 2
25 22 3 1 3 5 7 6 0 4 2
23 20 3 1 3 5 7 4 2 0 6
23 21 2 1 3 5 7 4 2 6 0
25 23 2 1 3 5 7 0 2 6 4
25 24 1 1 3 5 7 2 0 6 4
27 25 2 1 0 5 7 2 3 6 4
27 25 2 1 3 5 7 2 6 0 4
28 26 2 1 3 5 7 2 6 4 0
26 23 3 1 3 5 7 0 6 4 2
25 22 3 1 3 5 0 4 2 6 7
27 24 3 0 3 5 7 1 2 6 4
29 26 3 0 1 5 7 2 3 6 4
29 26 3 1 5 0 7 2 3 6 4
29 26 3 1 3 0 7 2 6 5 4
30 27 3 1 3 5 0 2 6 4 7
30 27 3 2 3 5 7 1 0 6 4
32 29 3 3 1 5 7 2 0 6 4
22 18 4 7 3 5 1 0 4 2 6
22 18 4 3 0 5 7 1 4 2 6
24 20 4 6 3 5 7 1 4 2 0
25 21 4 1 3 5 0 7 4 2 6
25 21 4 1 0 5 7 3 4 2 6
27 23 4 0 3 5 7 6 4 2 1
27 23 4 1 3 0 7 6 4 2 5
24 20 4 1 0 5 7 4 3 2 6
26 22 4 1 3 0 5 6 4 2 7
27 23 4 0 3 5 1 6 4 2 7
28 24 4 1 3 5 6 0 4 2 7
28 24 4 1 3 5 2 6 4 0 7
27 23 4 1 0 3 7 6 4 5 2
27 23 4 1 3 7 0 6 4 5 2
27 23 4 1 0 5 7 6 3 4 2
25 21 4 1 3 0 7 4 2 5 6
28 24 4 0 3 5 7 4 2 6 1
28 24 4 1 3 0 7 4 2 6 5
30 26 4 1 3 5 0 7 2 6 4
30 26 4 1 0 5 7 3 2 6 4
33 29 4 0 3 5 7 2 6 4 1
33 29 4 1 3 0 7 2 6 4 5
28 24 4 0 3 5 7 1 6 4 2
27 23 4 1 3 0 5 4 2 6 7
28 24 4 0 3 5 1 4 2 6 7
29 25 4 1 3 5 4 0 2 6 7
29 26 3 1 3 5 4 2 0 6 7
29 25 4 3 0 5 7 1 2 6 4
30 26 4 7 3 5 0 1 2 6 4
31 27 4 4 3 5 7 1 2 6 0
31 27 4 2 1 5 7 0 3 6 4
32 28 4 7 1 5 0 2 3 6 4
33 29 4 4 1 5 7 2 3 6 0
31 27 4 1 5 6 7 2 3 0 4
31 27 4 1 5 7 0 2 3 6 4
31 27 4 1 0 3 7 2 6 5 4
31 27 4 1 3 7 0 2 6 5 4
32 28 4 1 3 0 5 2 6 4 7
33 29 4 0 3 5 1 2 6 4 7
34 30 4 1 3 5 4 2 6 0 7
32 28 4 2 0 5 7 1 3 6 4
32 28 4 2 3 5 7 0 1 6 4
32 29 3 0 3 5 7 2 1 6 4
32 28 4 2 3 5 7 1 6 0 4
34 30 4 3 0 5 7 2 1 6 4
34 30 4 3 1 5 7 0 2 6 4
34 30 4 3 1 5 7 2 6 0 4
24 20 4 7 3 5 1 6 4 2 0
25 21 4 6 3 5 7 1 4 0 2
30 26 4 1 3 7 5 6 4 0 2
31 27 4 2 3 5 7 4 0 6 1
31 28 3 2 3 5 7 0 4 6 1
31 29 2 0 3 5 7 2 4 6 1
32 32 0 1 3 5 7 2 4 6 0
