6 0 6 4 2 7 1 0 6 5 3
8 1 7 0 2 7 1 4 6 5 3
8 1 7 4 2 7 1 6 0 5 3
8 2 6 4 2 7 1 3 6 5 0
9 3 6 4 2 7 0 1 6 5 3
9 3 6 1 2 7 0 4 6 5 3
9 2 7 4 2 7 1 6 5 0 3
9 3 6 4 2 7 1 3 6 0 5
9 4 5 4 2 7 3 1 6 5 0
9 4 5 1 2 7 3 4 6 5 0
9 3 6 4 2 0 1 6 5 7 3
9 3 6 4 2 7 1 6 5 3 0
9 4 5 4 2 0 1 3 6 7 5
10 2 8 2 0 7 1 4 6 5 3
10 4 6 3 2 7 1 4 6 5 0
10 2 8 4 0 7 1 6 2 5 3
10 3 7 4 2 7 0 3 6 5 1
10 5 5 0 2 7 4 1 6 5 3
10 6 4 1 2 7 4 0 6 5 3
10 5 5 4 2 7 3 1 6 0 5
10 5 5 1 2 7 3 4 6 0 5
10 6 4 1 2 7 3 0 6 5 4
10 4 6 4 2 1 0 6 5 7 3
10 5 5 4 2 1 0 3 6 7 5
10 6 4 4 2 0 3 1 6 7 5
10 6 4 1 2 0 3 4 6 7 5
10 5 5 4 2 1 3 6 5 7 0
10 7 3 4 2 3 0 1 6 7 5
10 7 3 1 2 3 0 4 6 7 5
11 3 8 4 0 7 1 2 6 5 3
11 5 6 0 2 7 1 3 6 5 4
11 5 6 4 2 0 1 3 6 5 7
11 4 7 4 2 0 7 1 6 5 3
11 4 7 1 2 0 7 4 6 5 3
11 4 7 4 2 7 1 3 0 6 5
11 4 7 4 0 2 1 6 5 7 3
11 4 7 4 2 7 0 6 5 3 1
11 5 6 4 2 7 1 0 5 3 6
11 5 6 4 0 2 1 3 6 7 5
11 3 8 2 7 0 1 4 6 5 3
11 5 6 3 2 7 1 4 6 0 5
11 6 5 3 2 7 1 0 6 5 4
11 3 8 0 4 7 1 6 2 5 3
11 5 6 0 2 7 4 3 6 5 1
11 6 5 0 2 1 4 6 5 7 3
11 7 4 0 2 1 4 3 6 7 5
11 9 2 0 2 3 4 1 6 7 5
11 10 1 1 2 3 4 0 6 7 5
11 4 7 0 4 7 1 2 6 5 3
11 5 6 1 2 5 7 4 6 0 3
11 6 5 4 2 7 1 5 0 3 6
11 4 7 2 7 5 1 4 6 0 3
11 6 5 3 2 0 1 4 6 7 5
11 6 5 3 2 7 4 0 6 5 1
11 8 3 3 2 1 4 0 6 7 5
11 6 5 1 2 5 7 4 0 6 3
11 5 6 2 7 5 1 4 0 6 3
11 7 4 1 0 5 7 4 2 6 3
11 7 4 1 2 5 7 0 4 6 3
11 6 5 2 7 5 1 0 4 6 3
11 7 4 0 7 5 1 2 4 6 3
12 6 6 4 2 7 3 0 6 5 1
12 7 5 0 2 7 3 1 6 5 4
12 7 5 4 2 0 3 1 6 5 7
12 7 5 1 2 0 3 4 6 5 7
12 6 6 0 2 7 1 6 5 3 4
12 6 6 4 2 0 1 6 5 3 7
12 3 9 2 6 7 1 4 0 5 3
12 5 7 3 2 7 0 4 6 5 1
12 3 9 4 7 0 1 6 2 5 3
12 4 8 4 2 0 7 3 6 5 1
12 6 6 2 0 7 4 1 6 5 3
12 8 4 3 2 7 4 1 6 5 0
12 7 5 1 2 7 4 6 0 5 3
12 6 6 4 2 7 3 1 0 6 5
12 6 6 1 2 7 3 4 0 6 5
12 7 5 1 2 7 3 6 0 5 4
12 6 6 4 2 1 5 3 6 7 0
12 8 4 4 2 1 3 0 6 7 5
12 7 5 4 0 2 3 1 6 7 5
12 7 5 1 0 2 3 4 6 7 5
12 6 6 4 2 1 3 6 5 0 7
12 7 5 4 2 1 3 0 5 7 6
12 8 4 4 2 3 5 1 6 7 0
12 8 4 1 2 3 5 4 6 7 0
12 4 8 4 7 0 1 2 6 5 3
12 7 5 1 2 7 0 3 6 5 4
12 6 6 4 2 1 0 3 6 5 7
12 5 7 1 0 2 7 4 6 5 3
12 5 7 4 2 7 1 0 3 6 5
12 5 7 0 4 2 1 6 5 7 3
12 6 6 0 2 7 4 6 5 3 1
12 6 6 0 4 2 1 3 6 7 5
12 4 8 2 7 1 0 4 6 5 3
12 5 7 1 4 7 0 6 2 5 3
12 12 0 1 2 3 4 5 6 7 0
