10 0 10 4 2 7 1 0 6 5 3
10 1 9 0 2 7 1 4 6 5 3
9 3 6 1 2 7 0 4 6 5 3
10 3 7 4 2 7 0 1 6 5 3
10 4 6 1 2 7 3 4 6 5 0
11 4 7 4 2 7 3 1 6 5 0
11 5 6 0 2 7 4 1 6 5 3
11 6 5 1 2 7 3 0 6 5 4
11 6 5 1 2 7 4 0 6 5 3
12 4 8 1 2 0 7 4 6 5 3
12 5 7 1 2 5 7 4 6 0 3
12 6 6 1 2 5 7 4 0 6 3
11 7 4 1 2 5 7 0 4 6 3
12 6 6 1 2 5 7 4 6 3 0
12 7 5 1 0 5 7 4 2 6 3
13 1 12 4 2 7 1 6 0 5 3
13 2 11 4 2 7 1 3 6 5 0
13 2 11 2 0 7 1 4 6 5 3
13 7 6 1 2 7 4 6 0 5 3
13 7 6 0 2 7 3 1 6 5 4
13 6 7 2 0 7 4 1 6 5 3
13 7 6 1 2 7 3 6 0 5 4
13 8 5 0 2 5 7 1 4 6 3
13 9 4 1 2 5 7 3 4 6 0
13 7 6 1 2 5 0 4 6 3 7
13 8 5 0 1 5 7 4 2 6 3
13 2 11 4 2 7 1 6 5 0 3
12 3 9 4 2 7 1 6 5 3 0
12 6 6 0 2 7 1 6 5 3 4
13 3 10 4 2 7 0 3 6 5 1
12 5 7 0 2 7 4 3 6 5 1
13 5 8 0 2 7 1 3 6 5 4
13 8 5 1 2 7 4 6 5 0 3
13 8 5 1 2 7 3 6 5 0 4
13 3 10 4 2 0 1 6 5 7 3
11 4 7 4 2 1 0 6 5 7 3
12 5 7 4 2 1 3 6 5 7 0
12 6 6 0 2 1 4 6 5 7 3
13 4 9 4 2 7 0 6 5 3 1
11 6 5 0 2 7 4 6 5 3 1
13 8 5 1 2 7 0 6 5 3 4
13 6 7 3 2 7 4 0 6 5 1
13 7 6 1 2 7 0 3 6 5 4
13 9 4 1 2 0 4 6 5 7 3
13 9 4 1 2 7 4 6 5 3 0
13 9 4 1 2 0 3 6 5 7 4
13 10 3 1 2 3 0 6 5 7 4
13 11 2 1 2 3 4 6 5 7 0
14 3 11 4 0 7 1 2 6 5 3
11 4 7 0 4 7 1 2 6 5 3
13 6 7 1 4 7 0 2 6 5 3
13 7 6 1 4 7 3 2 6 5 0
13 7 6 1 4 0 7 2 6 5 3
13 8 5 1 4 5 7 2 6 0 3
13 9 4 1 4 5 7 2 0 6 3
13 9 4 1 4 5 7 2 6 3 0
13 10 3 1 0 5 7 2 4 6 3
14 4 10 3 2 7 1 4 6 5 0
14 4 10 4 2 0 7 1 6 5 3
14 5 9 1 2 7 3 4 6 0 5
14 8 6 1 2 7 4 3 6 5 0
14 5 9 4 2 7 3 1 6 0 5
14 8 6 3 2 7 4 1 6 5 0
14 5 9 1 0 2 7 4 6 5 3
14 8 6 1 2 5 7 0 6 3 4
14 8 6 1 5 0 7 4 2 6 3
14 9 5 2 0 5 7 1 4 6 3
14 11 3 0 1 5 7 2 4 6 3
14 6 8 3 2 7 1 0 6 5 4
14 8 6 0 2 1 3 6 5 7 4
14 7 7 6 2 1 4 0 5 7 3
14 7 7 2 0 1 4 6 5 7 3
14 7 7 6 2 7 4 0 5 3 1
14 5 9 4 2 5 7 1 6 0 3
14 6 8 1 2 0 3 4 6 7 5
11 7 4 1 2 3 0 4 6 7 5
11 10 1 1 2 3 4 0 6 7 5
12 12 0 1 2 3 4 5 6 7 0
