6 0 6 4 2 7 1 0 6 5 3
8 2 6 4 2 7 1 3 6 5 0
9 3 6 4 2 7 0 1 6 5 3
9 4 5 4 2 7 3 1 6 5 0
10 5 5 0 2 7 4 1 6 5 3
10 6 4 1 2 7 4 0 6 5 3
12 8 4 3 2 7 4 1 6 5 0
12 8 4 1 2 7 4 3 6 5 0
13 9 4 3 2 7 4 1 6 0 5
13 10 3 3 2 0 4 1 6 7 5
15 11 4 3 2 0 4 1 6 5 7
13 9 4 1 2 7 4 3 6 0 5
13 10 3 1 2 0 4 3 6 7 5
15 11 4 1 2 0 4 3 6 5 7
15 11 4 3 0 2 4 1 6 7 5
15 11 4 3 2 4 0 1 6 7 5
15 11 4 1 0 2 4 3 6 7 5
15 11 4 1 2 4 0 3 6 7 5
17 14 3 1 2 4 3 0 6 7 5
18 16 2 1 2 4 3 5 6 7 0
21 19 2 1 2 0 3 5 6 7 4
21 20 1 1 2 3 0 5 6 7 4
21 21 0 1 2 3 4 5 6 7 0
