10 0 10 4 2 7 1 0 6 5 3
10 3 7 4 2 7 0 1 6 5 3
11 5 6 0 2 7 4 1 6 5 3
11 6 5 1 2 7 4 0 6 5 3
14 8 6 3 2 7 4 1 6 5 0
13 7 6 1 2 7 4 6 0 5 3
13 8 5 1 2 7 4 6 5 0 3
13 9 4 1 2 0 4 6 5 7 3
13 9 4 1 2 7 4 6 5 3 0
16 12 4 1 2 0 4 6 5 3 7
16 13 3 1 2 3 4 6 5 0 7
16 14 2 1 2 3 4 6 5 7 0
18 15 3 1 2 3 0 6 5 7 4
19 16 3 1 2 3 4 0 5 7 6
19 17 2 1 2 3 4 5 0 7 6
20 17 3 0 2 3 4 6 5 7 1
21 18 3 1 0 3 4 5 2 7 6
21 18 3 1 2 3 4 5 7 0 6
21 19 2 1 2 3 4 5 7 6 0
23 20 3 1 2 3 0 5 7 6 4
24 21 3 1 2 3 4 0 7 6 5
25 22 3 0 2 3 4 5 7 6 1
18 14 4 1 2 3 4 6 0 5 7
18 15 3 1 2 3 4 0 6 5 7
20 16 4 1 2 0 3 6 5 7 4
21 17 4 0 2 3 1 6 5 7 4
22 18 4 1 2 3 6 0 5 7 4
21 17 4 0 2 3 4 1 5 7 6
23 19 4 1 2 3 0 4 5 7 6
23 19 4 0 1 3 4 5 2 7 6
23 19 4 1 3 0 4 5 2 7 6
23 19 4 1 2 0 4 5 7 3 6
26 22 4 1 2 0 4 5 7 6 3
25 21 4 1 2 0 3 5 7 6 4
26 22 4 0 2 3 1 5 7 6 4
27 23 4 1 2 3 5 0 7 6 4
20 16 4 0 2 3 4 1 6 5 7
21 17 4 1 2 3 4 7 6 5 0
22 18 4 1 2 3 0 4 6 5 7
23 19 4 1 2 3 6 5 0 7 4
24 20 4 6 2 3 4 1 5 7 0
24 20 4 5 2 3 4 1 0 7 6
26 22 4 6 1 3 4 5 2 7 0
26 22 4 2 1 3 4 5 0 7 6
15 10 5 1 0 2 4 6 5 7 3
15 10 5 1 2 4 0 6 5 7 3
15 11 4 1 2 4 3 6 5 7 0
15 10 5 1 2 7 0 6 5 3 4
16 11 5 1 2 7 4 0 5 3 6
16 12 4 1 2 7 4 5 0 3 6
17 12 5 0 2 7 4 6 5 3 1
18 13 5 1 0 2 4 6 5 3 7
18 13 5 1 2 4 0 6 5 3 7
23 18 5 1 2 3 7 6 5 0 4
24 19 5 1 0 3 4 2 5 7 6
23 18 5 6 2 3 4 0 5 7 1
28 23 5 1 2 3 6 5 7 0 4
27 22 5 0 2 3 4 1 7 6 5
29 25 4 5 2 3 4 1 7 6 0
28 23 5 5 2 3 4 0 7 6 1
20 15 5 1 0 3 4 6 2 5 7
23 18 5 1 0 3 4 2 6 5 7
22 17 5 1 2 7 3 6 5 0 4
22 17 5 1 0 2 3 6 5 7 4
23 18 5 2 0 3 4 1 5 7 6
24 19 5 4 2 3 0 1 5 7 6
25 20 5 5 1 3 4 0 2 7 6
26 22 4 5 1 3 4 6 2 7 0
26 21 5 4 1 3 0 5 2 7 6
25 20 5 1 3 7 4 5 2 0 6
25 21 4 1 3 7 4 5 2 6 0
28 24 4 1 3 0 4 5 2 6 7
28 25 3 1 0 3 4 5 2 6 7
28 26 2 1 2 3 4 5 0 6 7
28 27 1 1 2 3 4 5 6 0 7
28 28 0 1 2 3 4 5 6 7 0
