10 0 10 6 4 0 3 7 1 5 2
10 1 9 6 4 5 3 7 1 0 2
10 1 9 6 4 3 0 7 1 5 2
10 2 8 6 4 3 2 7 1 5 0
12 5 7 0 4 3 2 7 1 5 6
13 8 5 1 4 3 2 7 0 5 6
14 9 5 1 4 3 2 0 7 5 6
14 9 5 1 4 3 2 7 5 0 6
16 11 5 1 4 3 2 6 7 5 0
15 10 5 1 4 3 2 7 5 6 0
17 12 5 1 4 3 2 6 7 0 5
17 13 4 1 4 3 2 6 0 7 5
17 14 3 1 4 3 2 0 6 7 5
18 16 2 1 4 3 2 5 6 7 0
20 17 3 1 4 3 0 5 6 7 2
20 17 3 1 4 3 2 5 6 0 7
19 15 4 0 4 3 2 1 6 7 5
21 17 4 1 4 3 0 2 6 7 5
21 17 4 1 0 3 2 4 6 7 5
23 19 4 0 4 3 2 5 6 7 1
23 19 4 1 4 0 2 5 6 7 3
22 18 4 1 4 0 3 5 6 7 2
23 19 4 0 4 3 1 5 6 7 2
25 22 3 2 4 3 1 5 6 7 0
22 18 4 1 4 0 2 5 6 3 7
22 18 4 1 4 3 2 5 0 6 7
20 16 4 4 0 3 2 1 6 7 5
21 17 4 2 4 3 0 1 6 7 5
22 18 4 5 4 3 2 1 6 7 0
24 20 4 4 0 3 2 5 6 7 1
25 21 4 2 4 3 0 5 6 7 1
24 20 4 1 0 4 2 5 6 7 3
24 20 4 1 4 2 0 5 6 7 3
24 21 3 1 4 2 3 5 6 7 0
23 19 4 1 0 4 3 5 6 7 2
24 20 4 4 0 3 1 5 6 7 2
27 23 4 2 4 3 1 5 6 0 7
28 24 4 2 4 3 1 0 6 7 5
23 19 4 1 0 4 2 5 6 3 7
23 19 4 1 4 2 0 5 6 3 7
26 22 4 1 4 2 3 5 6 0 7
27 23 4 1 4 2 3 0 6 7 5
17 12 5 1 4 3 2 0 5 6 7
19 14 5 1 0 3 2 6 4 7 5
25 20 5 1 4 3 5 0 6 7 2
25 20 5 1 4 3 7 5 6 0 2
23 18 5 1 4 3 5 2 6 7 0
23 18 5 1 4 0 3 2 6 7 5
24 19 5 0 4 3 1 2 6 7 5
25 20 5 1 4 3 7 2 6 0 5
25 21 4 1 4 3 7 2 0 6 5
25 22 3 1 0 3 7 2 4 6 5
25 23 2 1 3 0 7 2 4 6 5
27 24 3 1 3 6 7 2 4 0 5
27 25 2 1 3 6 7 2 4 5 0
30 28 2 1 3 0 7 2 4 5 6
30 29 1 1 3 5 7 2 4 0 6
30 30 0 1 3 5 7 2 4 6 0
