11 0 11 5 0 4 1 6 3 7 2
10 1 9 0 5 4 1 6 3 7 2
11 1 10 5 3 4 1 6 0 7 2
10 2 8 5 3 4 1 0 6 7 2
8 3 5 0 3 4 1 5 6 7 2
10 5 5 1 3 4 0 5 6 7 2
10 6 4 1 3 4 2 5 6 7 0
10 6 4 1 3 0 4 5 6 7 2
10 7 3 1 0 3 4 5 6 7 2
11 8 3 0 1 3 4 5 6 7 2
12 3 9 1 5 4 0 6 3 7 2
12 4 8 5 3 4 1 2 6 7 0
12 5 7 5 3 4 0 1 6 7 2
12 6 6 2 3 4 1 5 6 7 0
12 7 5 1 3 4 2 5 6 0 7
12 7 5 1 3 7 4 5 6 0 2
12 8 4 1 6 3 4 5 0 7 2
12 4 8 1 5 4 2 6 3 7 0
12 4 8 1 5 0 4 6 3 7 2
12 6 6 5 3 4 2 1 6 7 0
12 6 6 5 3 0 4 1 6 7 2
12 8 4 1 3 7 4 5 6 2 0
12 7 5 5 0 3 4 1 6 7 2
13 1 12 5 4 0 1 6 3 7 2
13 2 11 6 5 4 1 0 3 7 2
13 2 11 5 3 4 1 6 7 0 2
13 4 9 3 0 4 1 5 6 7 2
13 8 5 1 3 4 2 0 6 7 5
13 9 4 1 3 0 2 5 6 7 4
13 11 2 2 1 3 4 5 6 7 0
13 8 5 0 5 3 4 1 6 7 2
13 2 11 5 4 1 0 6 3 7 2
13 3 10 5 3 4 1 6 7 2 0
13 10 3 1 0 3 2 5 6 7 4
13 10 3 1 3 2 0 5 6 7 4
13 9 4 1 5 3 4 0 6 7 2
13 3 10 5 4 1 2 6 3 7 0
13 11 2 1 3 2 4 5 6 7 0
14 4 10 2 5 4 1 6 3 7 0
14 9 5 5 1 3 4 0 6 7 2
14 5 9 5 3 4 0 2 6 7 1
14 5 9 5 3 4 1 2 6 0 7
14 7 7 0 3 4 1 2 6 7 5
14 7 7 0 3 4 5 1 6 7 2
14 7 7 2 3 4 0 5 6 7 1
14 7 7 2 3 4 1 5 6 0 7
14 8 6 2 3 4 1 0 6 7 5
14 8 6 1 3 0 2 5 6 4 7
13 9 4 1 3 2 0 5 6 4 7
14 8 6 1 3 4 2 5 0 6 7
14 8 6 1 3 7 4 5 0 6 2
14 9 5 1 6 3 4 0 5 7 2
14 9 5 1 6 3 4 5 7 0 2
14 5 9 1 5 4 2 6 3 0 7
14 6 8 1 5 4 2 0 3 7 6
14 5 9 1 5 7 4 6 3 0 2
14 5 9 1 0 5 4 6 3 7 2
14 7 7 5 3 4 2 1 6 0 7
14 7 7 5 3 7 4 1 6 0 2
14 9 5 1 3 7 0 5 6 2 4
14 8 6 5 6 3 4 1 0 7 2
14 6 8 5 3 0 4 2 6 7 1
14 7 7 0 3 4 5 2 6 7 1
14 6 8 5 3 0 1 2 6 4 7
14 6 8 5 3 4 1 2 0 6 7
14 8 6 1 3 4 5 0 6 7 2
14 8 6 2 3 0 4 5 6 7 1
14 9 5 0 3 4 2 5 6 7 1
14 9 5 1 0 3 2 5 6 4 7
14 10 4 1 6 3 4 5 7 2 0
14 6 8 1 5 4 2 6 0 3 7
13 7 6 1 5 4 2 0 6 3 7
14 6 8 1 5 7 4 6 0 3 2
13 7 6 1 5 7 4 0 6 3 2
14 6 8 1 5 7 4 6 3 2 0
14 6 8 1 3 5 4 6 0 7 2
13 7 6 1 3 5 4 0 6 7 2
14 8 6 5 3 7 4 1 6 2 0
14 7 7 5 0 3 4 2 6 7 1
13 8 5 0 5 3 4 2 6 7 1
13 9 4 2 5 3 4 0 6 7 1
14 8 6 2 3 4 5 0 6 7 1
14 7 7 5 3 1 0 2 6 4 7
14 9 5 2 0 3 4 5 6 7 1
11 10 1 0 2 3 4 5 6 7 1
13 13 0 1 2 3 4 5 6 7 0
