8 0 8 5 0 4 1 6 3 7 2
8 1 7 5 3 4 1 6 0 7 2
8 2 6 5 3 4 1 0 6 7 2
8 3 5 0 3 4 1 5 6 7 2
9 5 4 1 3 4 0 5 6 7 2
9 6 3 1 3 4 2 5 6 7 0
9 6 3 1 3 0 4 5 6 7 2
9 7 2 1 0 3 4 5 6 7 2
12 9 3 1 3 0 2 5 6 7 4
12 10 2 1 0 3 2 5 6 7 4
11 8 3 1 6 3 4 5 0 7 2
11 8 3 0 1 3 4 5 6 7 2
13 11 2 2 1 3 4 5 6 7 0
13 10 3 1 3 2 0 5 6 7 4
13 11 2 1 3 2 4 5 6 7 0
14 11 3 1 6 3 2 5 0 7 4
14 11 3 0 1 3 2 5 6 7 4
15 12 3 2 1 3 0 5 6 7 4
15 12 3 2 1 3 4 5 6 0 7
16 13 3 2 1 3 4 0 6 7 5
15 12 3 1 3 2 4 5 6 0 7
16 13 3 1 3 2 4 0 6 7 5
17 14 3 4 1 3 2 5 6 7 0
19 16 3 2 0 3 4 1 6 7 5
19 17 2 0 2 3 4 1 6 7 5
19 18 1 1 2 3 4 0 6 7 5
20 20 0 1 2 3 4 5 6 7 0
