7 0 7 1 5 6 3 4 2 7 0
7 1 6 1 5 6 3 4 2 0 7
7 2 5 1 5 0 3 4 2 6 7
7 3 4 1 0 5 3 4 2 6 7
8 2 6 1 5 6 3 4 0 2 7
8 3 5 1 5 3 0 4 2 6 7
8 3 5 1 5 6 3 0 4 2 7
8 4 4 1 5 3 7 4 2 6 0
9 1 8 1 5 6 0 4 2 7 3
9 2 7 1 5 6 3 0 2 7 4
9 4 5 1 2 5 3 4 0 6 7
9 4 5 0 1 5 3 4 2 6 7
9 3 6 1 5 6 3 2 0 7 4
9 5 4 1 2 5 3 0 4 6 7
10 3 7 1 5 0 3 4 2 7 6
10 3 7 1 0 6 3 4 5 2 7
10 4 6 0 5 6 3 1 4 2 7
10 5 5 1 5 3 7 4 2 0 6
10 6 4 1 5 3 7 0 2 6 4
10 4 6 1 5 6 7 4 2 0 3
10 5 5 1 0 6 3 5 2 7 4
10 4 6 1 5 6 3 2 7 0 4
10 8 2 1 0 5 3 2 4 6 7
10 4 6 1 5 7 3 4 2 0 6
10 4 6 1 0 5 3 4 2 7 6
10 4 6 1 5 3 0 4 2 7 6
10 7 3 1 5 3 7 2 0 6 4
10 5 5 1 5 0 7 4 2 6 3
10 6 4 1 2 6 3 5 0 7 4
10 6 4 1 6 0 3 5 2 7 4
10 5 5 1 5 0 3 2 7 6 4
10 5 5 1 5 7 3 4 2 6 0
10 6 4 1 0 5 7 4 2 6 3
10 7 3 1 6 3 0 5 2 7 4
10 6 4 1 0 5 3 2 7 6 4
10 8 2 1 6 3 4 5 2 7 0
10 7 3 1 7 5 3 2 0 6 4
11 5 6 0 5 3 1 4 2 6 7
11 6 5 1 5 3 4 0 2 6 7
11 5 6 1 5 6 3 7 4 2 0
11 2 9 1 5 0 6 4 2 7 3
11 4 7 1 5 6 4 0 2 7 3
11 3 8 0 5 6 3 1 2 7 4
11 5 6 1 2 5 3 4 6 0 7
11 5 6 4 1 5 3 0 2 6 7
11 6 5 3 1 5 0 4 2 6 7
11 4 7 1 0 6 3 2 5 7 4
11 6 5 0 2 5 3 1 4 6 7
11 5 6 5 0 6 3 1 4 2 7
11 6 5 1 5 3 7 4 0 2 6
11 5 6 1 5 6 7 4 0 2 3
11 5 6 1 5 6 7 4 2 3 0
11 5 6 1 5 6 3 2 7 4 0
11 5 6 1 5 7 3 4 0 2 6
11 5 6 1 2 5 3 4 0 7 6
11 7 4 1 5 3 4 0 2 7 6
11 6 5 1 5 3 0 2 7 6 4
11 3 8 1 5 7 6 4 2 0 3
11 3 8 1 0 5 6 4 2 7 3
11 4 7 5 0 6 3 1 2 7 4
11 6 5 1 2 0 3 4 6 5 7
11 6 5 1 2 5 3 4 6 7 0
11 6 5 4 1 5 3 2 0 6 7
11 7 4 3 1 5 7 4 2 6 0
11 5 6 1 6 0 3 2 5 7 4
11 7 4 2 0 5 3 1 4 6 7
11 7 4 1 5 3 7 0 4 2 6
11 6 5 1 5 6 7 0 4 2 3
11 6 5 1 5 7 3 0 4 2 6
11 5 6 5 2 6 3 1 0 7 4
11 5 6 5 6 0 3 1 2 7 4
11 7 4 1 2 3 0 4 6 5 7
11 6 5 1 6 3 0 2 5 7 4
11 6 5 5 6 3 0 1 2 7 4
11 7 4 1 6 3 4 2 5 7 0
11 7 4 5 6 3 4 1 2 7 0
12 3 9 0 5 6 3 4 2 7 1
12 6 6 1 5 6 0 3 4 2 7
12 6 6 1 0 6 3 5 4 2 7
12 3 9 0 5 6 1 4 2 7 3
12 7 5 7 1 5 3 4 2 6 0
12 7 5 2 1 5 3 4 0 6 7
12 7 5 1 2 5 3 7 4 6 0
12 4 8 0 1 6 3 4 5 2 7
12 4 8 1 6 0 3 4 5 2 7
12 6 6 3 5 6 0 1 4 2 7
12 7 5 0 5 3 7 1 2 6 4
12 6 6 0 1 6 3 5 2 7 4
12 9 3 1 4 5 3 2 0 6 7
12 9 3 1 5 0 3 2 4 6 7
12 5 7 0 1 5 3 4 2 7 6
12 5 7 1 5 3 6 4 2 7 0
12 8 4 1 0 3 7 2 5 6 4
12 8 4 1 5 3 7 2 6 0 4
12 6 6 1 5 7 0 4 2 6 3
12 7 5 1 2 6 3 0 5 7 4
12 7 5 1 2 6 3 5 7 0 4
12 7 5 1 6 7 3 5 2 0 4
12 7 5 1 5 7 3 0 2 6 4
12 7 5 1 2 5 7 4 0 6 3
12 7 5 0 1 5 7 4 2 6 3
12 7 5 0 1 5 3 2 7 6 4
12 9 3 1 6 3 4 5 2 0 7
12 8 4 1 7 5 3 0 2 6 4
12 8 4 1 7 5 3 2 6 0 4
12 6 6 5 0 3 1 4 2 6 7
12 7 5 1 5 3 4 2 0 6 7
12 9 3 1 0 3 4 5 2 6 7
12 6 6 1 5 6 3 7 4 0 2
12 7 5 1 0 6 4 5 2 7 3
12 6 6 1 2 5 3 0 4 7 6
12 10 2 1 0 3 4 5 2 7 6
12 4 8 1 5 7 6 4 0 2 3
12 4 8 1 5 7 6 4 2 3 0
12 4 8 1 2 5 6 4 0 7 3
12 8 4 1 2 5 3 0 6 7 4
12 10 2 1 2 3 4 0 6 5 7
12 7 5 1 5 6 7 3 4 2 0
12 8 4 2 1 5 3 0 4 6 7
12 5 7 1 6 2 3 4 5 0 7
12 5 7 1 6 3 0 4 5 2 7
12 7 5 3 5 6 7 1 4 2 0
12 9 3 1 3 0 7 2 5 6 4
12 8 4 1 2 0 3 5 7 6 4
12 8 4 1 5 7 3 2 0 6 4
12 8 4 1 2 5 7 0 4 6 3
12 7 5 5 3 0 1 4 2 6 7
12 10 2 1 2 3 4 5 0 6 7
12 7 5 1 5 0 3 7 4 6 2
12 8 4 1 2 6 4 5 0 7 3
12 8 4 1 6 0 4 5 2 7 3
12 11 1 1 2 3 4 5 0 7 6
12 5 7 1 5 7 6 0 4 2 3
12 5 7 1 5 7 0 4 2 3 6
12 9 3 0 1 5 3 2 4 6 7
12 6 6 1 6 2 3 4 5 7 0
12 9 3 1 2 3 0 5 7 6 4
12 11 1 1 2 3 4 5 6 0 7
12 8 4 1 0 5 3 7 4 6 2
12 6 6 1 5 0 7 4 2 3 6
12 10 2 1 2 3 4 5 7 6 0
12 12 0 1 2 3 4 5 6 7 0
