7 0 7 1 5 6 3 4 2 7 0
7 1 6 1 5 6 3 4 2 0 7
7 2 5 1 5 0 3 4 2 6 7
7 3 4 1 0 5 3 4 2 6 7
8 3 5 1 5 3 0 4 2 6 7
8 4 4 1 5 3 7 4 2 6 0
10 6 4 1 5 3 7 0 2 6 4
10 7 3 1 5 3 7 2 0 6 4
12 8 4 1 0 3 7 2 5 6 4
12 9 3 1 3 0 7 2 5 6 4
12 8 4 1 5 3 7 2 6 0 4
14 10 4 1 3 6 7 2 5 0 4
14 11 3 1 3 6 7 2 0 5 4
14 10 4 1 3 7 0 2 5 6 4
13 9 4 1 5 3 7 2 6 4 0
15 11 4 1 3 6 7 2 5 4 0
16 12 4 1 0 6 7 2 3 5 4
16 12 4 1 3 6 7 0 2 5 4
18 14 4 1 3 0 7 2 5 4 6
18 14 4 1 3 6 7 4 2 5 0
21 17 4 1 3 0 7 4 2 5 6
21 18 3 1 3 5 7 4 2 0 6
21 19 2 1 3 5 7 4 2 6 0
23 21 2 1 3 5 7 0 2 6 4
23 22 1 1 3 5 7 2 0 6 4
25 23 2 1 0 5 7 2 3 6 4
25 23 2 1 3 5 7 2 6 0 4
26 24 2 1 3 5 7 2 6 4 0
22 19 3 1 3 5 7 4 0 2 6
22 20 2 1 3 5 7 0 4 2 6
24 22 2 1 3 5 7 6 4 2 0
25 23 2 1 3 5 7 6 4 0 2
23 20 3 1 3 5 0 4 2 6 7
25 22 3 0 3 5 7 1 2 6 4
27 24 3 0 1 5 7 2 3 6 4
27 24 3 1 5 0 7 2 3 6 4
27 24 3 1 3 0 7 2 6 5 4
28 25 3 1 3 5 0 2 6 4 7
29 26 3 1 3 5 7 0 6 4 2
24 21 3 0 3 5 7 1 4 2 6
26 23 3 1 3 5 0 6 4 2 7
27 24 3 1 3 0 7 6 4 5 2
27 24 3 1 3 5 7 6 0 4 2
28 25 3 2 3 5 7 1 0 6 4
30 27 3 3 1 5 7 2 0 6 4
26 22 4 0 3 5 7 4 2 6 1
26 22 4 1 3 0 7 4 2 6 5
28 24 4 1 3 5 0 7 2 6 4
28 24 4 1 0 5 7 3 2 6 4
31 27 4 0 3 5 7 2 6 4 1
31 27 4 1 3 0 7 2 6 4 5
24 20 4 1 0 5 7 4 3 2 6
27 23 4 1 3 5 0 7 4 2 6
27 23 4 1 0 5 7 3 4 2 6
29 25 4 0 3 5 7 6 4 2 1
29 25 4 1 3 0 7 6 4 2 5
25 21 4 1 3 0 5 4 2 6 7
26 22 4 0 3 5 1 4 2 6 7
27 23 4 1 3 5 4 0 2 6 7
27 24 3 1 3 5 4 2 0 6 7
27 23 4 3 0 5 7 1 2 6 4
28 24 4 7 3 5 0 1 2 6 4
29 25 4 4 3 5 7 1 2 6 0
29 25 4 2 1 5 7 0 3 6 4
30 26 4 7 1 5 0 2 3 6 4
31 27 4 4 1 5 7 2 3 6 0
29 25 4 1 5 6 7 2 3 0 4
29 25 4 1 5 7 0 2 3 6 4
29 25 4 1 0 3 7 2 6 5 4
29 25 4 1 3 7 0 2 6 5 4
30 26 4 1 3 0 5 2 6 4 7
31 27 4 0 3 5 1 2 6 4 7
32 28 4 1 3 5 4 2 6 0 7
31 27 4 0 3 5 7 1 6 4 2
26 22 4 3 0 5 7 1 4 2 6
27 23 4 7 3 5 0 1 4 2 6
28 24 4 6 3 5 7 1 4 2 0
28 24 4 1 3 0 5 6 4 2 7
29 25 4 0 3 5 1 6 4 2 7
30 26 4 1 3 5 6 0 4 2 7
30 26 4 1 3 5 2 6 4 0 7
29 25 4 1 0 3 7 6 4 5 2
29 25 4 1 3 7 0 6 4 5 2
29 25 4 1 0 5 7 6 3 4 2
30 26 4 2 0 5 7 1 3 6 4
30 26 4 2 3 5 7 0 1 6 4
30 27 3 0 3 5 7 2 1 6 4
30 26 4 2 3 5 7 1 6 0 4
32 28 4 3 0 5 7 2 1 6 4
32 28 4 3 1 5 7 0 2 6 4
32 28 4 3 1 5 7 2 6 0 4
29 25 4 2 3 5 7 4 0 6 1
29 26 3 2 3 5 7 0 4 6 1
29 27 2 0 3 5 7 2 4 6 1
30 30 0 1 3 5 7 2 4 6 0
