8 0 8 1 5 6 3 4 2 7 0
8 2 6 1 5 6 3 0 2 7 4
10 5 5 1 0 6 3 5 2 7 4
10 6 4 1 2 6 3 5 0 7 4
10 6 4 1 6 0 3 5 2 7 4
10 7 3 1 6 3 0 5 2 7 4
10 8 2 1 6 3 4 5 2 7 0
12 9 3 1 6 3 4 5 2 0 7
13 10 3 1 6 3 4 0 2 7 5
14 11 3 0 6 3 4 5 2 7 1
13 9 4 0 6 3 1 5 2 7 4
14 10 4 1 6 3 5 0 2 7 4
15 11 4 1 6 0 4 5 2 7 3
14 10 4 1 6 0 4 5 2 3 7
14 10 4 1 6 3 4 5 0 2 7
14 11 3 1 0 3 4 5 6 2 7
16 12 4 0 1 3 4 5 6 2 7
16 12 4 1 3 0 4 5 6 2 7
16 13 3 1 3 2 4 5 6 0 7
16 14 2 1 3 2 4 5 6 7 0
18 15 3 1 3 2 0 5 6 7 4
19 16 3 1 3 2 4 0 6 7 5
20 17 3 0 3 2 4 5 6 7 1
18 14 4 1 3 2 4 5 0 6 7
21 17 4 1 3 0 4 5 6 7 2
21 18 3 1 0 3 4 5 6 7 2
22 19 3 0 1 3 4 5 6 7 2
24 22 2 2 1 3 4 5 6 7 0
26 23 3 2 1 3 0 5 6 7 4
26 23 3 2 1 3 4 5 6 0 7
27 24 3 2 1 3 4 0 6 7 5
20 16 4 1 3 0 2 5 6 7 4
20 17 3 1 0 3 2 5 6 7 4
21 17 4 0 3 2 1 5 6 7 4
22 18 4 1 3 2 5 0 6 7 4
23 19 4 1 6 3 4 5 0 7 2
29 25 4 2 1 0 4 5 6 7 3
28 24 4 2 1 0 3 5 6 7 4
29 25 4 0 1 3 2 5 6 7 4
30 26 4 2 1 3 5 0 6 7 4
28 24 4 2 1 0 4 5 6 3 7
28 24 4 2 1 3 4 5 0 6 7
22 18 4 1 6 3 2 5 0 7 4
12 7 5 1 2 6 3 0 5 7 4
12 7 5 1 2 6 3 5 7 0 4
12 8 4 1 2 0 3 5 7 6 4
12 9 3 1 2 3 0 5 7 6 4
12 10 2 1 2 3 4 5 7 6 0
14 11 3 1 2 3 4 5 7 0 6
14 12 2 1 2 3 4 5 0 7 6
15 12 3 1 2 3 4 0 7 6 5
16 13 3 0 2 3 4 5 7 6 1
16 13 3 1 0 3 4 5 2 7 6
16 13 3 1 2 3 4 0 5 7 6
17 15 2 1 2 3 4 6 5 7 0
19 16 3 1 2 3 0 6 5 7 4
19 16 3 1 2 3 4 6 5 0 7
21 18 3 0 2 3 4 6 5 7 1
15 11 4 0 2 3 1 5 7 6 4
16 12 4 1 2 3 5 0 7 6 4
17 13 4 1 2 0 4 5 7 6 3
16 12 4 1 2 0 4 5 7 3 6
18 14 4 0 1 3 4 5 2 7 6
18 14 4 1 3 0 4 5 2 7 6
18 14 4 0 2 3 4 1 5 7 6
20 16 4 1 2 3 0 4 5 7 6
22 18 4 1 2 0 4 6 5 7 3
21 17 4 1 2 0 3 6 5 7 4
22 18 4 0 2 3 1 6 5 7 4
23 19 4 1 2 3 6 0 5 7 4
21 17 4 1 2 0 4 6 5 3 7
21 17 4 1 2 3 4 6 0 5 7
21 18 3 1 2 3 4 0 6 5 7
21 17 4 6 1 3 4 5 2 7 0
21 17 4 2 1 3 4 5 0 7 6
21 17 4 6 2 3 4 1 5 7 0
21 17 4 5 2 3 4 1 0 7 6
24 20 4 1 2 3 6 5 0 7 4
23 19 4 0 2 3 4 1 6 5 7
24 20 4 1 2 3 4 7 6 5 0
25 21 4 1 2 3 0 4 6 5 7
12 7 5 1 6 7 3 5 2 0 4
15 10 5 1 6 3 7 5 2 0 4
16 11 5 0 6 3 4 1 2 7 5
18 14 4 5 6 3 4 1 2 7 0
18 13 5 1 0 3 4 6 2 7 5
18 14 4 1 2 3 4 6 0 7 5
16 15 1 1 2 3 4 0 6 7 5
17 17 0 1 2 3 4 5 6 7 0
