6 0 6 5 2 3 0 1 7 4 6
8 3 5 5 2 3 4 1 7 0 6
8 4 4 5 2 3 4 1 0 7 6
8 4 4 5 2 3 4 1 7 6 0
10 5 5 5 0 3 4 1 2 7 6
10 5 5 5 2 3 4 0 1 7 6
9 6 3 0 2 3 4 5 1 7 6
11 9 2 1 2 3 4 5 0 7 6
13 10 3 1 0 3 4 5 2 7 6
13 10 3 1 2 3 4 0 5 7 6
14 12 2 1 2 3 4 6 5 7 0
13 10 3 1 2 3 4 5 7 0 6
13 11 2 1 2 3 4 5 7 6 0
16 13 3 1 2 3 0 6 5 7 4
16 13 3 1 2 3 4 6 5 0 7
18 15 3 0 2 3 4 6 5 7 1
15 12 3 1 2 3 0 5 7 6 4
16 13 3 1 2 3 4 0 7 6 5
17 14 3 0 2 3 4 5 7 6 1
11 7 4 5 2 3 4 6 1 7 0
13 9 4 6 2 3 4 5 1 7 0
15 11 4 0 1 3 4 5 2 7 6
15 11 4 1 3 0 4 5 2 7 6
15 11 4 0 2 3 4 1 5 7 6
17 13 4 1 2 3 0 4 5 7 6
19 15 4 1 2 0 4 6 5 7 3
15 11 4 1 2 0 4 5 7 3 6
18 14 4 1 2 0 4 5 7 6 3
18 14 4 1 2 0 3 6 5 7 4
19 15 4 0 2 3 1 6 5 7 4
20 16 4 1 2 3 6 0 5 7 4
18 14 4 1 2 0 4 6 5 3 7
18 14 4 1 2 3 4 6 0 5 7
18 15 3 1 2 3 4 0 6 5 7
17 13 4 1 2 0 3 5 7 6 4
18 14 4 0 2 3 1 5 7 6 4
19 15 4 1 2 3 5 0 7 6 4
14 10 4 0 2 3 4 6 1 7 5
18 14 4 6 1 3 4 5 2 7 0
18 14 4 2 1 3 4 5 0 7 6
18 14 4 6 2 3 4 1 5 7 0
21 17 4 1 2 3 6 5 0 7 4
20 16 4 0 2 3 4 1 6 5 7
21 17 4 1 2 3 4 7 6 5 0
22 18 4 1 2 3 0 4 6 5 7
17 13 4 1 2 3 4 6 0 7 5
15 14 1 1 2 3 4 0 6 7 5
16 16 0 1 2 3 4 5 6 7 0
