6 0 6 5 2 3 0 1 7 4 6
7 3 4 5 2 3 4 1 7 0 6
7 4 3 5 2 3 4 1 0 7 6
8 4 4 5 2 3 4 1 7 6 0
9 5 4 5 0 3 4 1 2 7 6
9 5 4 5 2 3 4 0 1 7 6
9 6 3 0 2 3 4 5 1 7 6
10 9 1 1 2 3 4 5 0 7 6
12 10 2 1 0 3 4 5 2 7 6
12 10 2 1 2 3 4 0 5 7 6
12 10 2 1 2 3 4 5 7 0 6
14 12 2 1 2 3 4 6 5 7 0
13 11 2 1 2 3 4 5 7 6 0
14 11 3 0 1 3 4 5 2 7 6
14 11 3 1 3 0 4 5 2 7 6
14 11 3 0 2 3 4 1 5 7 6
14 11 3 1 2 0 4 5 7 3 6
16 13 3 1 2 3 0 6 5 7 4
16 13 3 1 2 3 4 6 5 0 7
15 12 3 1 2 3 0 5 7 6 4
16 13 3 1 2 3 4 0 7 6 5
17 14 3 2 1 3 4 5 0 7 6
17 14 3 1 2 3 4 6 0 5 7
17 15 2 1 2 3 4 0 6 5 7
19 17 2 1 2 3 4 7 6 5 0
20 18 2 1 2 3 4 7 6 0 5
17 14 3 1 2 3 4 7 0 6 5
19 16 3 0 2 3 4 1 6 5 7
21 18 3 1 2 3 0 7 6 5 4
22 19 3 1 2 0 4 7 6 3 5
11 7 4 0 2 3 4 1 7 6 5
11 7 4 5 2 3 4 6 1 7 0
11 7 4 2 0 3 4 5 1 7 6
12 8 4 4 2 3 0 5 1 7 6
13 9 4 6 2 3 4 5 1 7 0
17 13 4 1 2 3 0 4 5 7 6
17 13 4 1 0 3 4 2 5 7 6
19 15 4 0 2 3 4 6 5 7 1
19 15 4 1 2 0 4 6 5 7 3
18 14 4 0 2 3 4 5 7 6 1
18 14 4 1 2 0 4 5 7 6 3
16 12 4 5 1 3 4 0 2 7 6
17 13 4 4 1 3 0 5 2 7 6
18 14 4 6 1 3 4 5 2 7 0
16 12 4 1 3 7 4 5 2 0 6
16 12 4 1 3 4 0 5 2 7 6
16 12 4 2 0 3 4 1 5 7 6
17 13 4 4 2 3 0 1 5 7 6
18 14 4 6 2 3 4 1 5 7 0
16 12 4 1 0 2 4 5 7 3 6
16 12 4 1 2 4 0 5 7 3 6
18 14 4 1 2 0 3 6 5 7 4
19 15 4 0 2 3 1 6 5 7 4
20 16 4 1 2 3 6 0 5 7 4
20 17 3 1 2 3 6 5 0 7 4
18 14 4 1 2 0 4 6 5 3 7
17 13 4 1 2 0 3 5 7 6 4
18 14 4 0 2 3 1 5 7 6 4
19 15 4 1 2 3 6 5 7 0 4
19 15 4 2 1 3 4 0 5 7 6
19 15 4 2 1 3 4 5 7 0 6
19 15 4 1 0 3 4 6 2 5 7
22 18 4 1 2 3 0 4 6 5 7
22 18 4 1 0 3 4 2 6 5 7
24 20 4 0 2 3 4 7 6 5 1
24 20 4 1 2 0 4 7 6 5 3
19 15 4 1 0 3 4 7 2 6 5
21 17 4 2 0 3 4 1 6 5 7
22 18 4 4 2 3 0 1 6 5 7
23 19 4 7 2 3 4 1 6 5 0
23 19 4 1 2 0 3 7 6 5 4
24 20 4 0 2 3 1 7 6 5 4
25 21 4 1 2 3 7 0 6 5 4
25 21 4 1 2 3 5 7 6 0 4
24 20 4 1 0 2 4 7 6 3 5
24 20 4 1 2 4 0 7 6 3 5
14 10 4 0 2 3 4 6 1 7 5
15 13 2 1 2 3 4 6 0 7 5
15 14 1 1 2 3 4 0 6 7 5
16 16 0 1 2 3 4 5 6 7 0
