8 0 8 0 6 2 4 3 1 7 5
8 1 7 3 6 2 4 0 1 7 5
9 3 6 3 6 2 4 5 1 7 0
10 2 8 3 6 2 4 1 0 7 5
10 3 7 3 0 2 4 1 6 7 5
9 4 5 0 3 2 4 1 6 7 5
8 5 3 1 3 2 4 0 6 7 5
9 7 2 1 3 2 4 5 6 7 0
10 4 6 3 2 0 4 1 6 7 5
11 3 8 5 6 2 4 3 1 7 0
11 3 8 1 6 2 4 3 0 7 5
9 4 5 1 6 2 4 0 3 7 5
10 6 4 1 6 2 4 5 3 7 0
11 4 7 3 6 2 0 5 1 7 4
11 4 7 3 6 2 4 5 1 0 7
11 7 4 5 3 2 4 1 6 7 0
11 8 3 1 3 2 0 5 6 7 4
11 8 3 1 3 2 4 5 6 0 7
11 4 7 1 0 2 4 3 6 7 5
11 6 5 0 6 2 3 5 1 7 4
11 5 6 1 2 0 4 3 6 7 5
12 1 11 6 0 2 4 3 1 7 5
12 2 10 4 6 2 0 3 1 7 5
12 3 9 3 6 2 4 1 7 0 5
12 5 7 3 2 7 4 1 6 0 5
12 5 7 3 2 4 0 1 6 7 5
12 4 8 5 6 2 0 3 1 7 4
12 5 7 5 6 2 4 0 1 7 3
11 6 5 0 6 2 4 5 1 7 3
12 5 7 0 6 2 4 1 3 7 5
12 7 5 1 6 2 0 5 3 7 4
12 7 5 1 6 2 4 5 3 0 7
12 5 7 0 1 2 4 3 6 7 5
11 6 5 3 1 2 4 0 6 7 5
12 6 6 1 2 4 0 3 6 7 5
12 2 10 6 1 2 4 3 0 7 5
10 3 7 6 1 2 4 0 3 7 5
11 4 7 0 1 2 4 6 3 7 5
11 5 6 6 1 2 4 5 3 7 0
12 2 10 6 2 0 4 3 1 7 5
12 4 8 3 6 2 4 1 7 5 0
12 6 6 3 2 7 4 1 6 5 0
12 7 5 0 2 4 3 1 6 7 5
11 8 3 1 2 4 3 0 6 7 5
12 6 6 5 6 2 4 1 0 7 3
12 8 4 1 6 2 4 5 0 3 7
12 8 4 3 1 2 4 5 6 7 0
12 5 7 1 0 2 4 6 3 7 5
12 10 2 1 2 4 3 5 6 7 0
12 7 5 5 0 2 4 1 6 7 3
12 9 3 1 0 2 4 5 6 3 7
12 6 6 1 3 2 4 6 0 7 5
12 6 6 1 2 0 4 6 3 7 5
12 8 4 5 2 0 4 1 6 7 3
12 10 2 1 2 0 4 5 6 3 7
12 11 1 1 2 3 4 5 6 0 7
12 12 0 1 2 3 4 5 6 7 0
