8 0 8 0 7 6 1 2 5 3 4
9 1 8 7 0 6 1 2 5 3 4
9 2 7 1 7 6 0 2 5 3 4
9 2 7 7 5 6 1 2 0 3 4
9 3 6 7 5 6 1 2 3 0 4
9 4 5 7 5 0 1 2 3 6 4
9 5 4 7 0 5 1 2 3 6 4
9 6 3 7 3 5 1 2 0 6 4
10 1 9 2 7 6 1 0 5 3 4
10 3 7 5 7 6 1 2 0 3 4
10 4 6 7 5 6 1 2 3 4 0
10 5 5 7 5 1 0 2 3 6 4
10 6 4 0 7 5 1 2 3 6 4
10 2 8 2 7 6 1 5 0 3 4
10 4 6 5 7 6 1 2 3 0 4
10 3 7 2 0 6 1 5 7 3 4
10 5 5 5 7 0 1 2 3 6 4
10 4 6 0 2 6 1 5 7 3 4
10 4 6 2 6 0 1 5 7 3 4
10 5 5 2 6 3 1 5 7 0 4
10 6 4 2 6 3 1 5 0 7 4
10 7 3 2 0 3 1 5 6 7 4
10 8 2 0 2 3 1 5 6 7 4
11 2 9 7 6 0 1 2 5 3 4
11 3 8 1 7 6 4 2 5 3 0
11 3 8 1 7 0 6 2 5 3 4
11 5 6 1 7 6 3 2 5 0 4
11 3 8 7 5 6 1 0 2 3 4
11 7 4 7 3 5 1 0 2 6 4
11 7 4 7 3 5 1 2 6 0 4
11 7 4 0 5 1 7 2 3 6 4
11 8 3 1 7 5 0 2 3 6 4
11 3 8 2 7 6 1 5 3 0 4
11 5 6 5 7 6 1 2 3 4 0
11 6 5 5 0 7 1 2 3 6 4
11 6 5 5 7 1 0 2 3 6 4
11 6 5 1 2 6 0 5 7 3 4
11 5 6 2 6 1 0 5 7 3 4
11 10 1 1 2 3 0 5 6 7 4
11 3 8 7 6 3 1 2 5 0 4
11 4 7 1 7 3 6 2 5 0 4
11 6 5 1 7 0 3 2 5 6 4
11 6 5 1 7 6 3 2 0 5 4
11 4 7 2 7 0 1 5 3 6 4
11 7 4 5 3 7 1 2 0 6 4
11 7 4 1 2 6 4 5 7 3 0
11 6 5 2 6 1 4 5 7 3 0
11 11 0 1 2 3 4 5 6 7 0
