10 0 10 0 7 6 1 2 5 3 4
11 2 9 1 7 6 0 2 5 3 4
11 3 8 1 7 6 4 2 5 3 0
14 6 8 1 7 0 4 2 5 3 6
14 7 7 1 7 3 4 2 5 0 6
14 8 6 1 7 3 4 2 5 6 0
14 7 7 1 0 7 4 2 5 3 6
16 9 7 1 7 3 0 2 5 6 4
17 10 7 1 7 3 4 0 5 6 2
17 11 6 1 7 3 4 5 0 6 2
17 12 5 1 0 3 4 5 7 6 2
17 12 5 1 7 3 4 5 6 0 2
17 13 4 1 7 3 4 5 6 2 0
18 13 5 0 1 3 4 5 7 6 2
20 16 4 2 1 3 4 5 7 6 0
19 14 5 1 7 3 0 5 6 2 4
20 15 5 1 7 3 4 0 6 2 5
21 16 5 0 7 3 4 5 6 2 1
22 17 5 2 1 3 0 5 7 6 4
22 17 5 2 1 3 4 5 7 0 6
22 18 4 2 1 3 4 5 0 7 6
23 18 5 2 1 3 4 0 7 6 5
22 17 5 1 7 3 2 5 6 0 4
24 19 5 2 0 3 4 5 1 7 6
23 20 3 0 2 3 4 5 1 7 6
25 23 2 1 2 3 4 5 0 7 6
27 24 3 1 0 3 4 5 2 7 6
27 24 3 1 2 3 4 0 5 7 6
28 26 2 1 2 3 4 6 5 7 0
27 24 3 1 2 3 4 5 7 0 6
27 25 2 1 2 3 4 5 7 6 0
30 27 3 1 2 3 0 6 5 7 4
30 27 3 1 2 3 4 6 5 0 7
32 29 3 0 2 3 4 6 5 7 1
29 26 3 1 2 3 0 5 7 6 4
30 27 3 1 2 3 4 0 7 6 5
31 28 3 0 2 3 4 5 7 6 1
27 23 4 6 2 3 4 5 1 7 0
29 25 4 0 1 3 4 5 2 7 6
29 25 4 1 3 0 4 5 2 7 6
29 25 4 0 2 3 4 1 5 7 6
31 27 4 1 2 3 0 4 5 7 6
33 29 4 1 2 0 4 6 5 7 3
29 25 4 1 2 0 4 5 7 3 6
32 28 4 1 2 0 4 5 7 6 3
32 28 4 1 2 0 3 6 5 7 4
33 29 4 0 2 3 1 6 5 7 4
34 30 4 1 2 3 6 0 5 7 4
32 28 4 1 2 0 4 6 5 3 7
32 28 4 1 2 3 4 6 0 5 7
32 29 3 1 2 3 4 0 6 5 7
31 27 4 1 2 0 3 5 7 6 4
32 28 4 0 2 3 1 5 7 6 4
33 29 4 1 2 3 5 0 7 6 4
32 28 4 6 1 3 4 5 2 7 0
32 28 4 6 2 3 4 1 5 7 0
32 28 4 5 2 3 4 1 0 7 6
35 31 4 1 2 3 6 5 0 7 4
34 30 4 0 2 3 4 1 6 5 7
35 31 4 1 2 3 4 7 6 5 0
36 32 4 1 2 3 0 4 6 5 7
24 19 5 2 1 3 4 0 5 7 6
25 21 4 2 1 3 4 6 5 7 0
26 21 5 5 2 3 4 0 1 7 6
27 23 4 5 2 3 4 6 1 7 0
30 26 4 0 2 3 4 6 1 7 5
33 29 4 1 2 3 4 6 0 7 5
31 30 1 1 2 3 4 0 6 7 5
32 32 0 1 2 3 4 5 6 7 0
