7 0 7 4 1 3 7 0 6 2 5
8 2 6 4 1 3 7 5 6 2 0
8 3 5 4 1 3 0 5 6 2 7
9 5 4 0 1 3 4 5 6 2 7
9 6 3 1 0 3 4 5 6 2 7
10 6 4 4 1 3 2 5 6 0 7
10 7 3 4 1 3 2 5 6 7 0
13 10 3 0 1 3 2 5 6 7 4
13 11 2 1 0 3 2 5 6 7 4
15 12 3 2 1 3 0 5 6 7 4
15 13 2 2 1 3 4 5 6 7 0
15 12 3 1 6 3 2 5 0 7 4
15 12 3 1 3 0 2 5 6 7 4
17 14 3 2 1 3 4 5 6 0 7
18 15 3 2 1 3 4 0 6 7 5
19 16 3 0 1 3 4 5 6 7 2
19 17 2 1 0 3 4 5 6 7 2
16 13 3 1 3 2 0 5 6 7 4
16 14 2 1 3 2 4 5 6 7 0
21 18 3 2 0 3 4 1 6 7 5
21 19 2 0 2 3 4 1 6 7 5
21 20 1 1 2 3 4 0 6 7 5
22 22 0 1 2 3 4 5 6 7 0
