12 0 12 7 2 3 1 4 0 6 5
10 1 9 7 2 3 1 0 4 6 5
11 2 9 0 2 3 1 7 4 6 5
10 4 6 1 2 3 0 7 4 6 5
11 4 7 7 2 3 0 1 4 6 5
11 5 6 1 2 3 5 7 4 6 0
11 7 4 1 2 3 5 0 4 6 7
12 1 11 7 0 3 1 4 2 6 5
10 2 8 0 7 3 1 4 2 6 5
11 4 7 1 7 3 0 4 2 6 5
11 5 6 1 7 3 5 4 2 6 0
12 3 9 7 2 3 1 5 4 6 0
12 5 7 7 2 3 5 1 4 6 0
12 6 6 0 2 3 7 1 4 6 5
11 7 4 1 2 3 7 0 4 6 5
12 2 10 7 3 0 1 4 2 6 5
10 3 7 7 3 1 0 4 2 6 5
11 4 7 7 3 1 5 4 2 6 0
11 5 6 0 3 1 7 4 2 6 5
12 7 5 1 7 3 4 0 2 6 5
12 6 6 0 2 3 1 5 4 6 7
12 7 5 2 0 3 7 1 4 6 5
12 8 4 2 3 0 7 1 4 6 5
13 4 9 7 0 3 1 2 4 6 5
11 5 6 0 7 3 1 2 4 6 5
12 7 5 1 7 3 0 2 4 6 5
12 8 4 1 7 3 5 2 4 6 0
13 10 3 1 0 3 7 2 4 6 5
13 10 3 1 0 3 5 2 4 6 7
13 3 10 4 7 3 1 0 2 6 5
13 5 8 1 7 0 3 4 2 6 5
13 6 7 1 7 3 5 4 2 0 6
13 7 6 1 7 3 5 0 2 6 4
13 7 6 0 3 1 5 4 2 6 7
13 6 7 4 3 1 7 0 2 6 5
13 6 7 3 0 1 7 4 2 6 5
13 9 4 1 7 3 4 5 2 6 0
13 8 5 1 2 3 0 5 4 6 7
13 5 8 7 3 0 1 2 4 6 5
11 6 5 7 3 1 0 2 4 6 5
12 7 5 7 3 1 5 2 4 6 0
12 8 4 0 3 1 7 2 4 6 5
13 11 2 1 3 0 7 2 4 6 5
13 11 2 1 3 0 5 2 4 6 7
13 6 7 1 0 7 3 4 2 6 5
13 7 6 4 3 1 7 2 0 6 5
13 7 6 3 1 0 7 4 2 6 5
13 12 1 1 3 5 0 2 4 6 7
13 13 0 1 3 5 7 2 4 6 0
