7 0 7 7 2 3 1 4 0 6 5
7 1 6 7 2 3 1 4 6 0 5
8 2 6 7 2 3 1 4 6 5 0
9 4 5 7 2 3 1 0 6 5 4
9 5 4 0 2 3 1 7 6 5 4
10 7 3 1 2 3 0 7 6 5 4
10 8 2 1 2 3 4 7 6 5 0
11 9 2 1 2 3 4 7 6 0 5
12 10 2 1 2 3 4 0 6 5 7
13 10 3 1 2 0 4 7 6 3 5
13 10 3 1 2 3 4 7 0 6 5
14 11 3 0 2 3 4 1 6 5 7
14 11 3 1 2 3 4 6 0 5 7
14 11 3 1 2 3 4 0 7 6 5
15 13 2 1 2 3 4 5 7 6 0
16 14 2 1 2 3 4 5 7 0 6
16 15 1 1 2 3 4 5 0 7 6
18 16 2 1 0 3 4 5 2 7 6
18 16 2 1 2 3 4 0 5 7 6
20 18 2 1 2 3 4 6 5 7 0
15 12 3 1 2 3 4 6 5 0 7
17 14 3 1 2 3 0 5 7 6 4
18 15 3 1 2 0 4 5 7 3 6
20 17 3 0 1 3 4 5 2 7 6
20 17 3 1 3 0 4 5 2 7 6
20 17 3 0 2 3 4 1 5 7 6
22 19 3 1 2 3 0 6 5 7 4
23 20 3 2 1 3 4 5 0 7 6
23 20 3 5 2 3 4 1 0 7 6
12 8 4 4 2 3 1 7 6 5 0
12 8 4 1 2 0 3 7 6 5 4
14 10 4 1 2 3 7 0 6 5 4
14 10 4 1 2 3 5 7 6 0 4
15 11 4 0 2 3 4 7 6 5 1
15 11 4 1 2 0 4 7 6 5 3
17 13 4 1 2 3 0 4 6 5 7
17 13 4 1 0 3 4 2 6 5 7
15 11 4 1 0 2 4 7 6 3 5
15 11 4 1 2 4 0 7 6 3 5
15 11 4 1 0 3 4 7 2 6 5
16 12 4 2 0 3 4 1 6 5 7
17 13 4 4 2 3 0 1 6 5 7
18 14 4 7 2 3 4 1 6 5 0
16 12 4 1 0 3 4 6 2 5 7
16 12 4 0 2 3 4 1 7 6 5
20 16 4 0 2 3 4 5 7 6 1
20 16 4 1 2 0 4 5 7 6 3
23 19 4 1 2 3 0 4 5 7 6
23 19 4 1 0 3 4 2 5 7 6
25 21 4 0 2 3 4 6 5 7 1
25 21 4 1 2 0 4 6 5 7 3
17 13 4 1 2 0 4 6 5 3 7
19 15 4 1 2 0 3 5 7 6 4
20 16 4 0 2 3 1 5 7 6 4
21 17 4 1 2 3 6 5 7 0 4
21 18 3 1 2 3 6 5 0 7 4
20 16 4 1 0 2 4 5 7 3 6
20 16 4 1 2 4 0 5 7 3 6
22 18 4 5 1 3 4 0 2 7 6
23 19 4 4 1 3 0 5 2 7 6
24 20 4 6 1 3 4 5 2 7 0
22 18 4 1 3 7 4 5 2 0 6
22 18 4 1 3 4 0 5 2 7 6
22 18 4 2 0 3 4 1 5 7 6
23 19 4 4 2 3 0 1 5 7 6
24 20 4 6 2 3 4 1 5 7 0
24 20 4 1 2 0 3 6 5 7 4
25 21 4 0 2 3 1 6 5 7 4
26 22 4 1 2 3 6 0 5 7 4
25 21 4 2 0 3 4 5 1 7 6
25 22 3 0 2 3 4 5 1 7 6
25 21 4 2 1 3 4 0 5 7 6
25 21 4 2 1 3 4 5 7 0 6
25 21 4 5 0 3 4 1 2 7 6
25 21 4 5 2 3 4 0 1 7 6
25 21 4 5 2 3 4 1 7 0 6
13 9 4 4 2 3 1 7 6 0 5
14 10 4 4 2 3 1 0 6 5 7
17 13 4 1 0 3 7 2 6 5 4
17 14 3 1 3 0 7 2 6 5 4
17 15 2 1 3 5 7 2 6 0 4
17 16 1 1 3 5 7 2 0 6 4
18 16 2 1 3 5 7 2 6 4 0
19 17 2 1 0 5 7 2 3 6 4
19 17 2 1 3 5 7 0 2 6 4
21 19 2 1 3 5 7 4 2 6 0
20 17 3 1 3 5 0 2 6 4 7
21 18 3 1 3 5 7 0 6 4 2
21 18 3 0 1 5 7 2 3 6 4
21 18 3 1 5 0 7 2 3 6 4
21 18 3 0 3 5 7 1 2 6 4
23 20 3 1 3 5 0 4 2 6 7
23 20 3 1 3 5 7 4 2 0 6
22 19 3 1 3 5 7 6 0 4 2
22 20 2 1 3 5 7 6 4 0 2
23 21 2 1 3 5 7 6 4 2 0
25 23 2 1 3 5 7 0 4 2 6
24 21 3 3 1 5 7 2 0 6 4
24 21 3 2 3 5 7 1 0 6 4
24 21 3 1 3 5 7 4 0 2 6
24 21 3 1 3 0 7 6 4 5 2
25 22 3 1 3 5 0 6 4 2 7
27 24 3 0 3 5 7 1 4 2 6
18 14 4 1 2 4 3 7 6 0 5
19 15 4 7 2 3 4 1 6 0 5
19 15 4 5 2 3 4 1 7 6 0
28 24 4 5 2 3 4 6 0 7 1
28 25 3 5 2 3 4 0 6 7 1
28 26 2 0 2 3 4 5 6 7 1
29 29 0 1 2 3 4 5 6 7 0
