6 0 6 6 3 1 4 5 2 0 7
6 1 5 6 3 1 4 5 2 7 0
8 1 7 6 3 0 4 5 2 1 7
8 1 7 6 3 1 4 5 0 2 7
8 2 6 6 3 1 0 5 2 7 4
8 4 4 0 3 1 4 5 2 7 6
8 2 6 6 0 3 4 5 2 1 7
8 3 5 6 2 3 4 5 0 1 7
8 3 5 0 6 3 4 5 2 1 7
9 3 6 6 3 1 4 0 2 7 5
9 3 6 6 3 0 1 5 2 7 4
9 5 4 3 0 1 4 5 2 7 6
9 4 5 6 2 3 4 5 1 0 7
9 4 5 0 3 1 4 6 2 7 5
9 4 5 6 0 3 1 5 2 7 4
9 6 3 3 2 1 4 5 0 7 6
9 5 4 6 2 3 4 5 1 7 0
9 5 4 6 2 3 1 5 0 7 4
9 5 4 0 6 3 1 5 2 7 4
10 4 6 6 3 0 4 5 2 7 1
10 2 8 6 3 4 0 5 2 1 7
10 2 8 6 0 1 4 5 3 2 7
10 2 8 6 3 1 4 0 5 2 7
10 4 6 0 3 1 6 5 2 7 4
10 5 5 5 3 1 4 0 2 7 6
10 4 6 6 2 3 4 0 5 1 7
10 4 6 5 6 3 4 0 2 1 7
10 6 4 3 1 0 4 5 2 7 6
10 5 5 3 0 1 4 6 2 7 5
10 7 3 1 6 3 0 5 2 7 4
10 5 5 6 0 3 4 5 2 7 1
10 3 7 0 6 1 4 5 3 2 7
10 3 7 0 3 1 4 6 5 2 7
10 5 5 0 2 3 4 6 5 1 7
10 6 4 3 2 1 4 6 0 7 5
10 8 2 1 6 3 4 5 2 7 0
10 6 4 6 2 3 4 5 0 7 1
10 6 4 0 6 3 4 5 2 7 1
10 7 3 3 2 1 4 0 6 7 5
11 6 5 4 3 1 0 5 2 7 6
11 7 4 2 3 1 4 5 0 7 6
11 5 6 4 6 3 0 5 2 1 7
11 6 5 2 6 3 4 5 0 1 7
11 4 7 6 3 1 4 2 0 7 5
11 4 7 6 3 7 1 5 2 0 4
11 5 6 6 2 0 4 5 1 3 7
11 7 4 3 2 1 4 0 5 7 6
11 7 4 3 2 1 4 5 7 0 6
11 6 5 6 2 3 0 5 1 7 4
11 8 3 0 2 3 4 5 1 7 6
11 6 5 6 2 3 1 0 5 7 4
11 6 5 6 2 3 1 5 7 0 4
11 6 5 5 6 3 1 0 2 7 4
11 3 8 6 1 0 4 5 3 2 7
11 5 6 3 0 1 6 5 2 7 4
11 6 5 3 1 0 4 6 2 7 5
11 4 7 3 0 1 4 6 5 2 7
11 9 2 3 2 1 4 5 6 7 0
11 7 4 2 0 3 4 5 6 1 7
11 7 4 0 2 3 1 6 5 7 4
11 4 7 6 1 2 4 5 3 0 7
11 6 5 3 2 1 6 5 0 7 4
11 8 3 0 2 3 4 5 6 1 7
11 5 6 6 1 2 4 5 0 3 7
11 5 6 6 1 2 4 5 3 7 0
12 5 7 6 3 1 7 5 2 0 4
12 6 6 7 6 3 4 5 2 1 0
12 6 6 4 3 1 0 6 2 7 5
12 7 5 5 3 1 4 6 2 7 0
12 7 5 2 3 1 4 6 0 7 5
12 7 5 6 2 3 4 0 1 7 5
12 8 4 4 6 3 1 5 2 7 0
12 8 4 2 6 3 1 5 0 7 4
12 5 7 6 3 7 4 5 2 0 1
12 5 7 6 3 4 0 5 2 7 1
12 3 9 6 3 4 7 5 2 1 0
12 4 8 0 3 4 6 5 2 1 7
12 5 7 6 3 4 1 5 2 0 7
12 4 8 6 3 1 4 7 5 2 0
12 5 7 5 3 1 6 0 2 7 4
12 6 6 5 3 1 4 2 0 7 6
12 6 6 6 2 3 4 7 5 1 0
12 5 7 5 6 3 4 2 0 1 7
12 6 6 5 6 3 4 7 2 1 0
12 7 5 3 1 7 4 5 2 0 6
12 7 5 3 1 4 0 5 2 7 6
12 8 4 1 6 0 3 5 2 7 4
12 4 8 5 6 1 4 0 3 2 7
12 6 6 3 6 1 4 5 0 2 7
12 6 6 2 0 3 4 6 5 1 7
12 7 5 3 2 1 4 6 7 0 5
12 9 3 1 6 3 4 5 2 0 7
12 7 5 6 2 3 4 0 5 7 1
12 7 5 6 2 3 4 5 7 0 1
12 7 5 5 6 3 4 0 2 7 1
12 8 4 0 2 1 4 3 6 7 5
12 7 5 4 3 0 1 5 2 7 6
12 7 5 2 6 3 4 5 1 0 7
12 8 4 3 2 1 4 5 7 6 0
12 11 1 1 2 3 4 5 0 7 6
12 6 6 3 1 0 6 5 2 7 4
12 5 7 3 1 0 4 6 5 2 7
12 9 3 1 2 3 0 6 5 7 4
12 8 4 2 3 1 4 0 6 7 5
12 8 4 0 2 3 4 6 1 7 5
12 8 4 6 2 3 4 1 0 7 5
12 9 3 2 0 3 1 5 6 7 4
12 6 6 6 3 4 1 5 2 7 0
12 6 6 5 0 3 4 2 6 1 7
12 7 5 3 0 1 4 5 6 2 7
12 7 5 3 6 1 4 5 2 0 7
12 8 4 0 2 3 4 6 5 7 1
12 8 4 4 0 3 1 5 2 7 6
12 8 4 2 6 3 4 5 1 7 0
12 6 6 3 1 2 4 6 5 0 7
12 10 2 1 2 3 4 6 5 7 0
12 10 2 0 2 3 1 5 6 7 4
12 8 4 3 6 1 4 5 2 7 0
12 9 3 4 2 3 1 5 0 7 6
12 7 5 3 1 2 4 6 5 7 0
13 5 8 6 3 1 5 0 2 7 4
13 6 7 6 0 1 4 3 2 7 5
13 5 8 6 3 1 0 4 5 2 7
13 7 6 4 3 1 6 5 2 7 0
13 7 6 2 3 1 6 5 0 7 4
13 7 6 5 0 3 4 6 2 1 7
13 5 8 4 6 1 0 5 3 2 7
13 5 8 4 3 1 0 6 5 2 7
13 6 7 5 3 1 4 6 0 2 7
13 7 6 4 2 3 0 6 5 1 7
13 8 5 5 2 3 4 6 0 1 7
13 10 3 1 6 3 4 0 2 7 5
13 8 5 4 6 3 0 5 2 7 1
13 9 4 2 6 3 4 5 0 7 1
13 8 5 2 0 1 4 5 3 7 6
13 8 5 2 3 1 4 0 5 7 6
13 8 5 2 3 1 4 5 7 0 6
13 6 7 4 6 3 7 5 2 1 0
13 6 7 4 6 0 3 5 2 1 7
13 8 5 4 6 3 1 5 2 0 7
13 7 6 2 6 3 4 0 5 1 7
13 5 8 6 0 1 4 2 3 7 5
13 5 8 6 3 1 4 2 7 0 5
13 5 8 6 3 7 1 5 0 2 4
13 5 8 6 3 7 1 5 2 4 0
13 6 7 6 0 2 4 5 1 3 7
13 6 7 6 2 4 0 5 1 3 7
13 8 5 0 2 1 4 3 5 7 6
13 9 4 3 2 1 4 6 5 7 0
13 8 5 3 2 0 4 5 7 1 6
13 7 6 6 2 0 3 5 1 7 4
13 8 5 0 2 3 6 5 1 7 4
13 9 4 5 2 3 4 0 1 7 6
13 9 4 2 0 3 4 5 1 7 6
13 7 6 6 2 0 1 5 7 3 4
13 7 6 6 2 3 1 5 7 4 0
13 7 6 5 6 3 1 2 0 7 4
13 4 9 6 1 4 0 5 3 2 7
13 7 6 3 1 7 4 6 2 0 5
13 7 6 3 1 4 0 6 2 7 5
13 5 8 3 5 1 4 6 0 2 7
13 10 3 3 2 1 0 5 6 7 4
13 10 3 3 2 1 4 5 6 0 7
13 8 5 2 3 0 4 5 6 1 7
13 8 5 2 0 3 1 6 5 7 4
13 7 6 3 2 1 6 0 5 7 4
13 7 6 3 2 1 6 5 7 0 4
13 9 4 5 2 3 4 0 6 1 7
13 6 7 6 1 2 4 0 5 3 7
13 6 7 6 1 2 0 5 3 7 4
13 8 5 0 1 2 4 5 3 7 6
13 6 7 6 3 1 7 5 0 2 4
13 6 7 6 3 1 7 5 2 4 0
13 7 6 7 6 3 4 5 2 0 1
13 7 6 4 3 0 1 6 2 7 5
13 6 7 6 3 7 4 5 2 1 0
13 4 9 6 3 4 7 5 2 0 1
13 5 8 3 0 4 6 5 2 1 7
13 5 8 6 3 1 4 7 5 0 2
13 6 7 5 3 1 6 2 0 7 4
13 7 6 6 2 3 4 7 5 0 1
13 6 7 5 6 3 4 2 1 0 7
13 7 6 5 6 3 4 7 2 0 1
13 8 5 3 1 7 4 5 2 6 0
13 5 8 5 6 1 4 3 0 2 7
13 8 5 3 2 1 4 6 7 5 0
13 9 4 6 2 3 4 1 5 7 0
13 8 5 6 2 3 4 5 7 1 0
13 9 4 5 6 3 4 1 2 7 0
13 7 6 3 1 6 0 5 2 7 4
13 11 2 1 2 3 4 6 0 7 5
13 8 5 3 1 0 4 5 6 2 7
13 9 4 0 4 3 1 5 2 7 6
13 7 6 3 1 2 4 6 0 5 7
13 12 1 1 2 3 0 5 6 7 4
13 6 7 0 3 1 5 6 2 7 4
13 6 7 6 3 1 5 2 0 7 4
13 7 6 6 2 1 4 3 0 7 5
13 7 6 0 6 1 4 3 2 7 5
13 6 7 6 3 1 7 4 5 2 0
13 6 7 4 3 1 7 6 5 2 0
13 7 6 5 3 1 4 0 6 2 7
13 7 6 5 3 1 4 6 2 0 7
13 10 3 2 0 3 4 5 6 7 1
13 9 4 0 2 1 4 5 3 7 6
13 7 6 4 6 1 3 5 2 0 7
13 6 7 0 6 1 4 2 3 7 5
13 7 6 0 6 2 4 5 1 3 7
13 10 3 5 2 3 4 1 0 7 6
13 10 3 2 1 3 4 5 0 7 6
13 8 5 5 0 3 1 2 6 7 4
13 6 7 3 5 1 4 0 6 2 7
13 6 7 3 5 1 4 6 2 0 7
13 9 4 2 3 1 4 5 6 0 7
13 7 6 0 1 2 4 6 5 3 7
13 9 4 1 0 2 4 5 3 7 6
13 8 5 4 0 3 1 6 2 7 5
13 5 8 6 3 0 7 5 2 4 1
13 6 7 3 2 4 6 5 0 1 7
13 7 6 5 6 3 4 2 1 7 0
13 6 7 5 0 1 4 3 6 2 7
13 6 7 5 6 1 4 3 2 0 7
13 8 5 3 1 6 4 5 2 7 0
13 12 1 1 2 3 4 0 6 7 5
13 9 4 3 1 2 4 5 6 0 7
13 8 5 3 1 2 4 0 6 5 7
13 13 0 1 2 3 4 5 6 7 0
