7 0 7 6 3 1 4 5 2 0 7
7 1 6 6 3 1 4 5 2 7 0
10 4 6 0 3 1 4 5 2 7 6
13 7 6 2 3 1 4 5 0 7 6
9 2 7 6 3 1 0 5 2 7 4
10 3 7 6 3 1 4 0 2 7 5
12 5 7 5 3 1 4 0 2 7 6
13 7 6 5 3 1 4 6 2 7 0
12 5 7 3 0 1 4 5 2 7 6
12 6 6 3 2 1 4 5 0 7 6
12 6 6 3 1 0 4 5 2 7 6
13 6 7 4 3 1 0 5 2 7 6
15 8 7 2 0 1 4 5 3 7 6
15 9 6 0 2 1 4 5 3 7 6
15 9 6 2 1 0 4 5 3 7 6
18 12 6 6 2 1 4 5 3 7 0
15 8 7 2 3 1 4 0 5 7 6
16 10 6 2 3 1 4 6 5 7 0
15 8 7 2 3 1 4 5 7 0 6
15 9 6 2 3 1 4 5 7 6 0
11 4 7 0 3 1 4 6 2 7 5
15 8 7 5 3 1 0 6 2 7 4
15 8 7 5 3 1 4 6 2 0 7
14 7 7 3 2 1 4 0 5 7 6
15 9 6 3 2 1 4 6 5 7 0
18 12 6 0 2 1 4 6 5 7 3
21 15 6 5 2 1 4 6 0 7 3
21 16 5 5 2 1 4 0 6 7 3
21 17 4 0 2 1 4 5 6 7 3
24 20 4 3 2 1 4 5 6 7 0
23 18 5 2 0 1 4 5 6 7 3
23 19 4 2 1 0 4 5 6 7 3
24 19 5 4 2 1 0 5 6 7 3
26 21 5 3 2 1 0 5 6 7 4
27 23 4 0 2 1 3 5 6 7 4
26 21 5 3 2 1 4 5 6 0 7
27 22 5 3 2 1 4 0 6 7 5
25 20 5 2 1 7 4 5 6 0 3
25 21 4 2 1 7 4 5 6 3 0
28 24 4 2 1 0 4 5 6 3 7
28 25 3 2 1 3 4 5 6 0 7
28 26 2 2 1 3 4 5 6 7 0
30 27 3 2 1 3 0 5 6 7 4
31 28 3 2 1 3 4 0 6 7 5
32 29 3 0 1 3 4 5 6 7 2
33 30 3 1 0 3 4 5 6 7 2
30 26 4 2 1 3 4 5 0 6 7
32 28 4 2 1 0 3 5 6 7 4
33 29 4 0 1 3 2 5 6 7 4
33 30 3 1 0 3 2 5 6 7 4
34 30 4 2 1 3 5 0 6 7 4
35 31 4 1 6 3 4 5 0 7 2
35 31 4 1 3 0 4 5 6 7 2
35 31 4 1 6 3 2 5 0 7 4
35 31 4 1 3 0 2 5 6 7 4
35 32 3 1 3 2 0 5 6 7 4
35 33 2 1 3 2 4 5 6 7 0
37 34 3 1 3 2 4 5 6 0 7
38 35 3 1 3 2 4 0 6 7 5
39 36 3 0 3 2 4 5 6 7 1
38 34 4 0 3 2 1 5 6 7 4
39 35 4 1 3 2 5 0 6 7 4
39 35 4 1 3 0 4 5 6 2 7
39 36 3 1 0 3 4 5 6 2 7
39 35 4 1 3 2 4 5 0 6 7
41 37 4 1 6 3 4 5 0 2 7
41 38 3 1 6 3 4 5 2 0 7
41 39 2 1 6 3 4 5 2 7 0
43 40 3 1 6 3 0 5 2 7 4
44 41 3 1 6 3 4 0 2 7 5
45 42 3 0 6 3 4 5 2 7 1
41 37 4 0 1 3 4 5 6 2 7
43 39 4 1 6 0 4 5 2 3 7
46 42 4 1 6 0 4 5 2 7 3
45 41 4 1 6 0 3 5 2 7 4
46 42 4 0 6 3 1 5 2 7 4
47 43 4 1 6 3 5 0 2 7 4
25 20 5 2 1 4 0 5 6 7 3
25 21 4 2 1 4 3 5 6 7 0
25 20 5 4 2 1 3 5 6 7 0
29 24 5 5 2 1 3 0 6 7 4
29 24 5 2 0 1 3 5 6 7 4
27 22 5 2 1 7 0 5 6 3 4
28 23 5 2 1 7 4 0 6 3 5
29 24 5 0 1 7 4 5 6 3 2
30 25 5 2 0 1 4 5 6 3 7
30 26 4 0 2 1 4 5 6 3 7
30 25 5 2 1 4 0 5 6 3 7
35 30 5 2 1 3 7 5 6 0 4
34 29 5 0 1 3 4 2 6 7 5
36 32 4 5 1 3 4 2 6 7 0
36 31 5 2 0 3 4 1 6 7 5
35 32 3 0 2 3 4 1 6 7 5
34 33 1 1 2 3 4 0 6 7 5
35 35 0 1 2 3 4 5 6 7 0
