6 0 6 6 3 1 4 5 2 0 7
6 1 5 6 3 1 4 5 2 7 0
8 4 4 0 3 1 4 5 2 7 6
9 5 4 3 0 1 4 5 2 7 6
9 6 3 3 2 1 4 5 0 7 6
11 7 4 2 3 1 4 5 0 7 6
10 6 4 3 1 0 4 5 2 7 6
11 7 4 3 2 1 4 0 5 7 6
11 7 4 3 2 1 4 5 7 0 6
13 9 4 3 2 1 4 6 5 7 0
12 8 4 3 2 1 4 5 7 6 0
10 5 5 5 3 1 4 0 2 7 6
11 6 5 4 3 1 0 5 2 7 6
13 8 5 2 0 1 4 5 3 7 6
13 9 4 0 2 1 4 5 3 7 6
13 8 5 2 3 1 4 0 5 7 6
13 8 5 2 3 1 4 5 7 0 6
12 7 5 3 1 7 4 5 2 0 6
12 7 5 3 1 4 0 5 2 7 6
13 8 5 0 2 1 4 3 5 7 6
13 8 5 3 2 0 4 5 7 1 6
15 10 5 3 2 1 0 6 5 7 4
15 10 5 3 2 1 4 6 5 0 7
17 12 5 0 2 1 4 6 5 7 3
17 12 5 3 2 0 4 6 5 7 1
14 9 5 3 2 1 0 5 7 6 4
15 10 5 3 2 1 4 0 7 6 5
16 11 5 0 2 1 4 5 7 6 3
16 11 5 3 2 0 4 5 7 6 1
12 7 5 5 3 1 4 6 2 7 0
12 7 5 4 3 0 1 5 2 7 6
12 8 4 4 0 3 1 5 2 7 6
12 9 3 4 2 3 1 5 0 7 6
13 9 4 0 4 3 1 5 2 7 6
14 11 3 1 4 3 0 5 2 7 6
14 10 4 4 2 3 1 0 5 7 6
14 10 4 4 2 3 1 5 7 0 6
16 12 4 2 4 3 1 5 0 7 6
16 12 4 1 4 3 6 5 2 7 0
16 12 4 1 4 0 3 5 2 7 6
16 12 4 4 2 3 1 6 5 7 0
17 13 4 4 2 3 0 1 5 7 6
18 15 3 0 2 3 4 1 5 7 6
18 16 2 1 2 3 4 0 5 7 6
18 17 1 1 2 3 4 5 0 7 6
20 18 2 1 2 3 4 6 5 7 0
20 18 2 1 0 3 4 5 2 7 6
20 18 2 1 2 3 4 5 7 0 6
21 19 2 1 2 3 4 5 7 6 0
21 18 3 5 2 3 4 1 0 7 6
22 19 3 1 2 3 0 6 5 7 4
22 19 3 1 2 3 4 6 5 0 7
22 19 3 0 1 3 4 5 2 7 6
22 19 3 1 3 0 4 5 2 7 6
22 19 3 1 2 0 4 5 7 3 6
23 20 3 1 2 3 0 5 7 6 4
24 21 3 1 2 3 4 0 7 6 5
23 20 3 1 2 3 4 6 0 5 7
23 21 2 1 2 3 4 0 6 5 7
25 23 2 1 2 3 4 7 6 5 0
26 24 2 1 2 3 4 7 6 0 5
25 22 3 2 1 3 4 5 0 7 6
25 22 3 1 2 3 4 7 0 6 5
25 22 3 0 2 3 4 1 6 5 7
27 24 3 1 2 3 0 7 6 5 4
28 25 3 1 2 0 4 7 6 3 5
15 11 4 4 2 3 1 5 7 6 0
17 13 4 1 0 4 3 5 2 7 6
17 14 3 1 2 4 3 5 0 7 6
19 15 4 0 2 3 1 6 5 7 4
20 16 4 2 0 3 4 1 5 7 6
22 18 4 6 2 3 4 1 5 7 0
23 19 4 1 2 3 0 4 5 7 6
23 19 4 1 0 3 4 2 5 7 6
25 21 4 0 2 3 4 6 5 7 1
25 21 4 1 2 0 4 6 5 7 3
26 22 4 0 2 3 4 5 7 6 1
26 22 4 1 2 0 4 5 7 6 3
23 19 4 5 0 3 4 1 2 7 6
23 19 4 5 2 3 4 0 1 7 6
23 20 3 0 2 3 4 5 1 7 6
23 19 4 5 2 3 4 1 7 0 6
24 20 4 1 2 0 3 6 5 7 4
26 22 4 1 2 3 6 0 5 7 4
26 23 3 1 2 3 6 5 0 7 4
24 20 4 1 2 0 4 6 5 3 7
24 20 4 5 1 3 4 0 2 7 6
25 21 4 4 1 3 0 5 2 7 6
26 22 4 6 1 3 4 5 2 7 0
24 20 4 1 3 7 4 5 2 0 6
24 20 4 1 3 4 0 5 2 7 6
24 20 4 1 0 2 4 5 7 3 6
24 20 4 1 2 4 0 5 7 3 6
25 21 4 1 2 0 3 5 7 6 4
26 22 4 0 2 3 1 5 7 6 4
27 23 4 1 2 3 6 5 7 0 4
26 22 4 0 2 3 4 1 7 6 5
25 21 4 1 0 3 4 6 2 5 7
28 24 4 1 2 3 0 4 6 5 7
28 24 4 1 0 3 4 2 6 5 7
30 26 4 0 2 3 4 7 6 5 1
30 26 4 1 2 0 4 7 6 5 3
27 23 4 2 0 3 4 5 1 7 6
27 23 4 2 1 3 4 0 5 7 6
27 23 4 2 1 3 4 5 7 0 6
27 23 4 1 0 3 4 7 2 6 5
27 23 4 2 0 3 4 1 6 5 7
28 24 4 4 2 3 0 1 6 5 7
29 25 4 7 2 3 4 1 6 5 0
29 25 4 1 2 0 3 7 6 5 4
30 26 4 0 2 3 1 7 6 5 4
31 27 4 1 2 3 7 0 6 5 4
31 27 4 1 2 3 5 7 6 0 4
30 26 4 1 0 2 4 7 6 3 5
30 26 4 1 2 4 0 7 6 3 5
19 15 4 1 2 4 3 0 5 7 6
19 15 4 1 2 4 3 5 7 0 6
22 18 4 5 2 3 1 6 0 7 4
22 19 3 5 2 3 1 0 6 7 4
22 20 2 0 2 3 1 5 6 7 4
23 22 1 1 2 3 0 5 6 7 4
23 23 0 1 2 3 4 5 6 7 0
