13 0 13 0 7 5 4 6 3 1 2
13 1 12 6 7 5 4 0 3 1 2
14 3 11 6 7 5 4 2 3 1 0
15 2 13 4 7 5 0 6 3 1 2
15 3 12 2 7 5 4 6 3 1 0
15 4 11 6 7 5 0 2 3 1 4
15 4 11 2 7 5 0 6 3 1 4
15 5 10 2 7 5 4 0 3 1 6
16 1 15 7 0 5 4 6 3 1 2
16 6 10 0 7 5 4 2 3 1 6
16 5 11 4 7 5 6 0 3 1 2
16 6 10 0 7 5 6 2 3 1 4
16 2 14 7 3 5 4 6 0 1 2
13 3 10 7 3 5 4 0 6 1 2
14 5 9 7 3 5 4 2 6 1 0
13 6 7 7 3 5 0 2 6 1 4
14 8 6 0 3 5 7 2 6 1 4
15 4 11 0 3 5 4 7 6 1 2
15 6 9 7 3 5 0 4 6 1 2
15 8 7 0 3 5 7 4 6 1 2
16 2 14 7 5 0 4 6 3 1 2
16 3 13 7 3 5 4 6 1 0 2
15 4 11 7 3 5 4 6 1 2 0
14 5 9 7 3 5 0 6 1 2 4
14 7 7 0 3 5 7 6 1 2 4
16 8 8 0 3 5 4 2 6 1 7
16 9 7 2 3 5 7 0 6 1 4
16 9 7 3 0 5 7 2 6 1 4
16 6 10 4 3 5 0 7 6 1 2
16 9 7 4 3 5 7 0 6 1 2
16 3 13 7 5 1 4 6 3 0 2
15 4 11 7 5 1 4 6 3 2 0
16 3 13 7 5 4 0 6 3 1 2
16 4 12 7 3 0 4 6 1 5 2
16 6 10 7 3 5 4 0 1 2 6
16 7 9 0 3 5 4 6 1 2 7
16 10 6 1 3 5 7 6 0 2 4
16 4 12 7 5 1 4 6 0 3 2
15 5 10 7 5 1 4 0 6 3 2
15 6 9 0 5 1 4 7 6 3 2
16 5 11 7 5 1 0 6 3 2 4
16 5 11 0 5 4 7 6 3 1 2
16 5 11 7 0 3 4 6 1 5 2
14 6 8 0 7 3 4 6 1 5 2
16 5 11 7 3 4 0 6 1 5 2
15 7 8 0 3 4 7 6 1 5 2
16 9 7 7 3 5 0 4 1 2 6
16 11 5 1 3 5 7 0 6 2 4
16 11 5 1 3 5 7 6 2 0 4
16 5 11 7 0 1 4 6 5 3 2
15 6 9 0 7 1 4 6 5 3 2
16 7 9 7 5 1 4 2 6 3 0
16 7 9 5 0 1 4 7 6 3 2
16 6 10 7 1 3 4 6 0 5 2
16 11 5 0 3 5 7 4 1 2 6
16 12 4 1 3 5 7 6 2 4 0
16 6 10 7 1 0 4 6 5 3 2
16 8 8 5 1 0 4 7 6 3 2
16 7 9 7 1 3 4 0 6 5 2
15 8 7 0 1 3 4 7 6 5 2
16 7 9 7 1 3 4 6 5 0 2
15 8 7 7 1 3 4 6 5 2 0
16 9 7 5 1 3 4 7 6 0 2
16 9 7 7 1 3 4 2 6 5 0
16 9 7 1 0 3 4 7 6 5 2
16 10 6 5 1 3 4 7 6 2 0
17 3 14 3 7 5 4 6 0 1 2
14 4 10 3 7 5 4 0 6 1 2
16 6 10 3 7 5 4 2 6 1 0
16 7 9 3 7 5 0 2 6 1 4
17 4 13 6 7 5 0 4 3 1 2
17 4 13 6 7 5 4 2 3 0 1
17 3 14 4 7 5 2 6 3 1 0
15 5 10 4 7 5 2 0 3 1 6
16 6 10 0 7 5 2 4 3 1 6
17 3 14 4 7 0 5 6 3 1 2
17 4 13 2 7 5 4 6 3 0 1
17 5 12 6 7 0 5 2 3 1 4
17 5 12 2 7 0 5 6 3 1 4
17 8 9 2 7 5 0 4 3 1 6
17 6 11 0 7 5 6 4 3 1 2
17 7 10 4 7 5 6 2 3 1 0
17 6 11 7 3 5 4 2 6 0 1
17 7 10 7 3 0 5 2 6 1 4
17 7 10 2 3 5 4 7 6 1 0
16 8 8 2 3 5 0 7 6 1 4
17 11 6 2 3 5 7 4 6 1 0
17 8 9 6 3 5 7 0 1 2 4
17 8 9 3 0 5 7 6 1 2 4
17 9 8 2 3 5 4 0 6 1 7
17 10 7 4 3 5 0 2 6 1 7
17 7 10 0 5 1 4 6 3 2 7
17 4 13 7 5 4 2 6 3 1 0
17 7 10 7 3 5 4 1 0 2 6
17 8 9 7 0 1 4 5 6 3 2
16 9 7 0 7 1 4 5 6 3 2
17 9 8 2 5 1 4 7 6 3 0
17 7 10 0 5 1 7 6 3 2 4
17 6 11 6 5 4 7 0 3 1 2
17 9 8 2 7 3 4 6 1 5 0
17 9 8 1 7 3 4 6 0 5 2
17 6 11 7 3 4 2 6 1 5 0
17 8 9 6 3 4 7 0 1 5 2
17 13 4 1 3 5 7 4 6 2 0
17 9 8 2 7 1 4 6 5 3 0
17 8 9 7 5 1 0 2 6 3 4
17 14 3 1 3 5 7 0 2 4 6
17 11 6 2 1 3 4 7 6 5 0
17 11 6 0 1 3 4 6 5 2 7
17 10 7 7 1 3 0 2 6 5 4
17 12 5 5 1 3 4 0 6 2 7
17 4 13 3 0 5 4 6 7 1 2
16 5 11 0 3 5 4 6 7 1 2
17 4 13 3 7 5 4 6 1 0 2
17 4 13 4 7 1 5 6 3 0 2
17 4 13 4 0 7 5 6 3 1 2
16 5 11 0 4 7 5 6 3 1 2
17 5 12 2 7 0 4 6 3 5 1
17 5 12 2 7 5 4 6 0 3 1
15 6 9 2 7 5 4 0 6 3 1
16 7 9 0 7 5 4 2 6 3 1
16 8 8 2 7 5 4 1 6 3 0
17 6 11 6 7 1 5 2 3 0 4
16 7 9 6 7 1 5 2 3 4 0
17 6 11 6 0 7 5 2 3 1 4
17 6 11 2 7 1 5 6 3 0 4
17 6 11 2 0 7 5 6 3 1 4
17 8 9 4 7 5 0 2 3 1 6
17 7 10 7 3 5 4 2 0 6 1
16 8 8 7 3 5 4 0 2 6 1
17 8 9 7 3 1 5 2 6 0 4
16 9 7 7 3 1 5 2 6 4 0
17 9 8 6 3 5 7 1 0 2 4
17 10 7 6 3 5 7 4 1 2 0
17 9 8 3 1 5 7 6 0 2 4
17 11 6 4 3 5 7 2 6 1 0
17 8 9 5 0 1 4 6 3 2 7
17 8 9 7 3 5 4 1 2 0 6
16 9 7 7 3 5 4 1 2 6 0
15 10 5 7 3 5 0 1 2 6 4
16 12 4 0 3 5 7 1 2 6 4
16 13 3 1 3 5 7 0 2 6 4
16 14 2 1 3 5 7 2 0 6 4
17 9 8 7 1 0 4 5 6 3 2
17 11 6 2 5 1 4 0 6 3 7
17 8 9 6 5 4 7 2 3 1 0
17 10 7 1 0 3 4 6 7 5 2
17 10 7 1 7 3 4 0 6 5 2
17 10 7 1 7 3 4 6 5 0 2
17 10 7 6 3 4 7 2 1 5 0
17 15 2 1 3 5 7 2 0 4 6
17 12 5 1 0 3 4 6 5 2 7
17 13 4 0 1 3 4 5 6 2 7
17 5 12 3 5 0 4 6 7 1 2
17 5 12 3 7 0 4 6 1 5 2
17 5 12 3 7 5 4 6 1 2 0
17 5 12 4 7 1 5 6 3 2 0
17 5 12 4 3 7 5 6 0 1 2
15 6 9 4 3 7 5 0 6 1 2
16 7 9 0 3 7 5 4 6 1 2
16 8 8 4 3 7 5 2 6 1 0
17 6 11 6 4 7 5 0 3 1 2
17 6 11 2 0 7 4 6 3 5 1
14 7 7 0 2 7 4 6 3 5 1
16 10 6 1 2 7 4 6 3 5 0
17 6 11 2 0 5 4 6 7 3 1
14 7 7 0 2 5 4 6 7 3 1
16 10 6 1 2 5 4 6 7 3 0
17 7 10 6 3 7 5 2 0 1 4
17 7 10 0 6 7 5 2 3 1 4
17 7 10 2 7 1 5 6 3 4 0
17 7 10 2 3 7 5 6 0 1 4
16 8 8 2 3 7 5 0 6 1 4
17 7 10 0 2 7 5 6 3 1 4
17 9 8 7 3 1 5 2 0 6 4
17 10 7 7 3 1 0 2 6 4 5
17 10 7 6 3 5 7 1 2 0 4
16 11 5 6 3 5 7 1 2 4 0
17 10 7 3 1 5 7 0 6 2 4
17 10 7 3 1 5 7 6 2 0 4
17 9 8 5 3 1 4 6 0 2 7
17 9 8 5 1 0 4 6 3 2 7
17 15 2 1 3 5 7 4 2 6 0
17 10 7 7 1 3 4 5 6 0 2
16 11 5 7 1 3 4 5 6 2 0
17 11 6 1 7 3 4 6 5 2 0
17 16 1 1 3 5 7 2 4 0 6
17 14 3 1 0 3 4 5 6 2 7
17 6 11 3 5 1 4 6 7 0 2
17 6 11 3 0 7 4 6 1 5 2
15 7 8 0 3 7 4 6 1 5 2
17 6 11 3 7 5 0 6 1 2 4
17 7 10 3 7 5 4 0 1 2 6
17 6 11 4 3 7 5 6 1 0 2
17 8 9 6 4 7 5 2 3 1 0
17 7 10 2 3 7 4 6 0 5 1
15 8 7 2 3 7 4 0 6 5 1
16 9 7 0 3 7 4 2 6 5 1
16 10 6 2 3 7 4 1 6 5 0
17 8 9 6 2 7 4 0 3 5 1
17 7 10 2 5 0 4 6 7 3 1
17 8 9 6 2 5 4 0 7 3 1
17 8 9 6 3 7 5 2 1 0 4
16 9 7 6 3 7 5 2 1 4 0
17 8 9 2 3 7 5 6 1 0 4
17 9 8 0 3 7 5 2 6 1 4
17 11 6 3 1 5 7 6 2 4 0
17 10 7 5 3 1 4 0 6 2 7
17 10 7 5 3 1 4 6 2 0 7
17 10 7 5 1 2 4 6 3 0 7
17 17 0 1 3 5 7 2 4 6 0
