13 0 13 0 7 5 4 6 3 1 2
13 1 12 6 7 5 4 0 3 1 2
14 3 11 6 7 5 4 2 3 1 0
16 6 10 0 7 5 4 2 3 1 6
17 8 9 4 7 5 0 2 3 1 6
20 11 9 4 7 5 1 2 3 0 6
20 12 8 4 7 5 1 2 3 6 0
21 15 6 0 7 5 1 2 3 6 4
22 17 5 1 7 5 0 2 3 6 4
24 18 6 1 7 5 4 2 3 6 0
24 18 6 1 7 0 5 2 3 6 4
24 19 5 1 0 7 5 2 3 6 4
24 20 4 1 3 7 5 2 0 6 4
26 21 5 1 3 7 5 0 2 6 4
27 23 4 1 3 7 5 4 2 6 0
30 26 4 1 3 0 5 4 2 6 7
30 27 3 1 3 5 0 4 2 6 7
30 28 2 1 3 5 7 4 2 6 0
32 29 3 1 3 5 7 4 2 0 6
33 30 3 1 3 5 7 0 2 6 4
33 31 2 1 3 5 7 2 0 6 4
34 31 3 0 3 5 7 4 2 6 1
35 32 3 1 0 5 7 2 3 6 4
35 32 3 1 3 5 7 2 6 0 4
35 33 2 1 3 5 7 2 6 4 0
37 34 3 1 3 5 0 2 6 4 7
38 35 3 1 3 5 7 0 6 4 2
39 36 3 0 3 5 7 2 6 4 1
33 29 4 0 3 5 1 4 2 6 7
34 30 4 1 3 5 4 0 2 6 7
35 31 4 1 3 0 7 4 2 6 5
34 30 4 1 3 0 7 4 2 5 6
34 30 4 1 3 5 7 4 0 2 6
34 31 3 1 3 5 7 0 4 2 6
35 31 4 0 3 5 7 1 2 6 4
37 33 4 1 3 5 0 7 2 6 4
37 33 4 0 1 5 7 2 3 6 4
37 33 4 1 5 0 7 2 3 6 4
37 33 4 1 3 0 7 2 6 5 4
40 36 4 1 3 0 7 2 6 4 5
39 35 4 1 3 0 5 2 6 4 7
40 36 4 0 3 5 1 2 6 4 7
41 37 4 1 3 5 2 0 6 4 7
35 31 4 1 3 5 4 2 0 6 7
36 32 4 0 3 5 7 1 4 2 6
37 33 4 1 3 5 7 6 4 2 0
38 34 4 1 3 5 0 7 4 2 6
38 34 4 4 3 5 7 1 2 6 0
38 34 4 2 3 5 7 1 0 6 4
40 36 4 4 1 5 7 2 3 6 0
40 36 4 3 1 5 7 2 0 6 4
26 21 5 1 3 7 5 2 6 0 4
26 22 4 1 3 7 5 2 6 4 0
29 24 5 1 3 7 0 5 2 6 4
29 25 4 1 3 7 4 5 2 6 0
32 28 4 1 3 0 4 5 2 6 7
32 29 3 1 0 3 4 5 2 6 7
32 30 2 1 2 3 4 5 0 6 7
32 31 1 1 2 3 4 5 6 0 7
32 32 0 1 2 3 4 5 6 7 0
