8 0 8 0 7 5 4 6 3 1 2
9 1 8 7 0 5 4 6 3 1 2
9 2 7 7 3 5 4 6 0 1 2
10 3 7 7 3 5 4 0 6 1 2
11 5 6 7 3 5 4 2 6 1 0
11 6 5 7 3 5 0 2 6 1 4
12 8 4 0 3 5 7 2 6 1 4
13 9 4 7 3 5 1 2 6 0 4
13 10 3 7 3 5 1 2 0 6 4
14 10 4 7 3 5 1 2 6 4 0
15 11 4 7 0 5 1 2 3 6 4
15 11 4 7 3 5 1 0 2 6 4
17 13 4 0 3 5 1 2 6 4 7
18 15 3 1 3 5 0 2 6 4 7
18 16 2 1 3 5 7 2 6 4 0
19 17 2 1 3 5 7 2 6 0 4
19 18 1 1 3 5 7 2 0 6 4
21 19 2 1 0 5 7 2 3 6 4
21 19 2 1 3 5 7 0 2 6 4
23 21 2 1 3 5 7 4 2 6 0
21 18 3 1 3 5 7 0 6 4 2
21 18 3 1 3 0 7 2 6 5 4
23 20 3 0 1 5 7 2 3 6 4
23 20 3 1 5 0 7 2 3 6 4
23 20 3 0 3 5 7 1 2 6 4
25 22 3 1 3 5 0 4 2 6 7
25 22 3 1 3 5 7 4 2 0 6
22 19 3 1 3 5 7 6 0 4 2
22 20 2 1 3 5 7 6 4 0 2
23 21 2 1 3 5 7 6 4 2 0
25 23 2 1 3 5 7 0 4 2 6
26 23 3 3 1 5 7 2 0 6 4
26 23 3 2 3 5 7 1 0 6 4
26 23 3 1 3 5 7 4 0 2 6
24 21 3 1 3 0 7 6 4 5 2
25 22 3 1 3 5 0 6 4 2 7
27 24 3 0 3 5 7 1 4 2 6
16 12 4 0 7 5 1 2 3 6 4
17 14 3 1 7 5 0 2 3 6 4
17 13 4 7 3 5 1 4 2 6 0
18 14 4 7 3 5 0 1 2 6 4
20 16 4 1 3 0 5 2 6 4 7
22 18 4 1 3 5 4 2 6 0 7
22 19 3 1 3 5 4 2 0 6 7
23 19 4 0 3 5 7 2 6 4 1
23 19 4 1 3 0 7 2 6 4 5
26 22 4 1 3 5 0 7 2 6 4
26 22 4 1 0 5 7 3 2 6 4
28 24 4 0 3 5 7 4 2 6 1
28 24 4 1 3 0 7 4 2 6 5
23 19 4 0 3 5 7 1 6 4 2
23 19 4 1 0 3 7 2 6 5 4
23 19 4 1 3 7 0 2 6 5 4
25 21 4 2 1 5 7 0 3 6 4
26 22 4 7 1 5 0 2 3 6 4
27 23 4 4 1 5 7 2 3 6 0
25 21 4 1 5 6 7 2 3 0 4
25 21 4 1 5 7 0 2 3 6 4
25 21 4 3 0 5 7 1 2 6 4
27 23 4 4 3 5 7 1 2 6 0
27 23 4 1 3 0 5 4 2 6 7
28 24 4 0 3 5 1 4 2 6 7
29 25 4 1 3 5 4 0 2 6 7
27 23 4 1 3 0 7 4 2 5 6
24 20 4 1 0 5 7 6 3 4 2
28 24 4 0 3 5 7 6 4 2 1
28 24 4 1 3 0 7 6 4 2 5
30 26 4 1 3 5 0 7 4 2 6
30 26 4 1 0 5 7 3 4 2 6
28 24 4 3 0 5 7 2 1 6 4
28 25 3 0 3 5 7 2 1 6 4
28 24 4 3 1 5 7 0 2 6 4
28 24 4 3 1 5 7 2 6 0 4
28 24 4 2 0 5 7 1 3 6 4
28 24 4 2 3 5 7 0 1 6 4
28 24 4 2 3 5 7 1 6 0 4
28 24 4 1 0 5 7 4 3 2 6
26 22 4 1 0 3 7 6 4 5 2
26 22 4 1 3 7 0 6 4 5 2
27 23 4 1 3 0 5 6 4 2 7
28 24 4 0 3 5 1 6 4 2 7
29 25 4 1 3 5 6 0 4 2 7
29 25 4 1 3 5 2 6 4 0 7
29 25 4 3 0 5 7 1 4 2 6
30 26 4 7 3 5 0 1 4 2 6
31 27 4 6 3 5 7 1 4 2 0
19 15 4 3 7 5 1 2 0 6 4
19 15 4 1 7 5 4 2 3 6 0
19 15 4 1 7 0 5 2 3 6 4
24 20 4 1 0 5 4 2 3 6 7
31 27 4 2 3 5 7 4 0 6 1
31 28 3 2 3 5 7 0 4 6 1
31 29 2 0 3 5 7 2 4 6 1
32 32 0 1 3 5 7 2 4 6 0
