9 0 9 6 5 0 3 4 2 1 7
9 1 8 6 5 1 3 4 2 0 7
9 1 8 6 0 5 3 4 2 1 7
10 2 8 6 5 1 3 4 0 2 7
10 3 7 6 5 1 3 0 4 2 7
10 4 6 0 5 1 3 6 4 2 7
11 5 6 5 0 1 3 6 4 2 7
12 6 6 3 5 1 0 6 4 2 7
12 7 5 3 5 1 7 6 4 2 0
13 8 5 3 5 1 7 6 4 0 2
14 9 5 3 5 1 7 0 4 2 6
13 7 6 7 5 1 3 6 4 2 0
12 6 6 5 1 0 3 6 4 2 7
13 7 6 3 5 0 1 6 4 2 7
13 8 5 3 0 5 1 6 4 2 7
13 9 4 0 3 5 1 6 4 2 7
14 11 3 1 3 5 0 6 4 2 7
14 12 2 1 3 5 7 6 4 2 0
15 13 2 1 3 5 7 6 4 0 2
16 14 2 1 3 5 7 0 4 2 6
17 14 3 1 3 0 7 6 4 5 2
17 14 3 1 3 5 7 6 0 4 2
18 15 3 0 3 5 7 1 4 2 6
18 15 3 1 3 5 7 4 0 2 6
18 15 3 1 3 5 7 0 6 4 2
19 17 2 1 3 5 7 2 6 4 0
20 18 2 1 3 5 7 2 6 0 4
20 19 1 1 3 5 7 2 0 6 4
22 20 2 1 0 5 7 2 3 6 4
22 20 2 1 3 5 7 0 2 6 4
24 22 2 1 3 5 7 4 2 6 0
19 16 3 1 3 5 7 4 2 0 6
21 18 3 1 3 5 0 2 6 4 7
22 19 3 1 3 0 7 2 6 5 4
24 21 3 0 1 5 7 2 3 6 4
24 21 3 1 5 0 7 2 3 6 4
24 21 3 0 3 5 7 1 2 6 4
26 23 3 1 3 5 0 4 2 6 7
27 24 3 3 1 5 7 2 0 6 4
27 24 3 2 3 5 7 1 0 6 4
16 12 4 7 3 5 1 6 4 2 0
16 12 4 1 3 0 5 6 4 2 7
18 14 4 1 3 5 6 0 4 2 7
18 14 4 1 3 5 2 6 4 0 7
19 15 4 0 3 5 7 6 4 2 1
19 15 4 1 3 0 7 6 4 2 5
21 17 4 1 3 5 0 7 4 2 6
21 17 4 1 0 5 7 3 4 2 6
19 15 4 1 0 3 7 6 4 5 2
19 15 4 1 3 7 0 6 4 5 2
19 15 4 1 0 5 7 6 3 4 2
20 16 4 3 0 5 7 1 4 2 6
21 17 4 7 3 5 0 1 4 2 6
22 18 4 6 3 5 7 1 4 2 0
20 16 4 1 0 5 7 4 3 2 6
20 16 4 0 3 5 7 1 6 4 2
24 20 4 0 3 5 7 2 6 4 1
24 20 4 1 3 0 7 2 6 4 5
27 23 4 1 3 5 0 7 2 6 4
27 23 4 1 0 5 7 3 2 6 4
29 25 4 0 3 5 7 4 2 6 1
29 25 4 1 3 0 7 4 2 6 5
21 17 4 1 3 0 7 4 2 5 6
23 19 4 1 3 0 5 2 6 4 7
24 20 4 0 3 5 1 2 6 4 7
25 21 4 1 3 5 4 2 6 0 7
25 22 3 1 3 5 4 2 0 6 7
24 20 4 1 0 3 7 2 6 5 4
24 20 4 1 3 7 0 2 6 5 4
26 22 4 2 1 5 7 0 3 6 4
27 23 4 7 1 5 0 2 3 6 4
28 24 4 4 1 5 7 2 3 6 0
26 22 4 1 5 6 7 2 3 0 4
26 22 4 1 5 7 0 2 3 6 4
26 22 4 3 0 5 7 1 2 6 4
27 23 4 7 3 5 0 1 2 6 4
28 24 4 4 3 5 7 1 2 6 0
28 24 4 1 3 0 5 4 2 6 7
29 25 4 0 3 5 1 4 2 6 7
30 26 4 1 3 5 4 0 2 6 7
29 25 4 3 0 5 7 2 1 6 4
29 26 3 0 3 5 7 2 1 6 4
29 25 4 3 1 5 7 0 2 6 4
29 25 4 3 1 5 7 2 6 0 4
29 25 4 2 0 5 7 1 3 6 4
29 25 4 2 3 5 7 0 1 6 4
29 25 4 2 3 5 7 1 6 0 4
17 13 4 7 3 5 1 6 4 0 2
18 14 4 7 3 5 1 0 4 2 6
22 18 4 1 3 7 5 6 4 0 2
23 19 4 6 3 5 7 1 4 0 2
23 19 4 2 3 5 7 1 6 4 0
32 28 4 2 3 5 7 4 0 6 1
32 29 3 2 3 5 7 0 4 6 1
32 30 2 0 3 5 7 2 4 6 1
33 33 0 1 3 5 7 2 4 6 0
