12 0 12 6 5 0 3 4 2 1 7
11 1 10 6 5 3 0 4 2 1 7
12 4 8 6 5 3 4 0 2 1 7
14 7 7 6 0 3 4 5 2 1 7
14 8 6 6 2 3 4 5 0 1 7
14 9 5 6 2 3 4 5 1 0 7
14 10 4 6 2 3 4 5 1 7 0
16 13 3 0 2 3 4 5 1 7 6
18 16 2 1 2 3 4 5 0 7 6
20 17 3 1 0 3 4 5 2 7 6
20 17 3 1 2 3 4 0 5 7 6
21 19 2 1 2 3 4 6 5 7 0
20 17 3 1 2 3 4 5 7 0 6
20 18 2 1 2 3 4 5 7 6 0
23 20 3 1 2 3 0 6 5 7 4
23 20 3 1 2 3 4 6 5 0 7
25 22 3 0 2 3 4 6 5 7 1
22 19 3 1 2 3 0 5 7 6 4
23 20 3 1 2 3 4 0 7 6 5
24 21 3 0 2 3 4 5 7 6 1
22 18 4 0 1 3 4 5 2 7 6
22 18 4 1 3 0 4 5 2 7 6
22 18 4 0 2 3 4 1 5 7 6
24 20 4 1 2 3 0 4 5 7 6
26 22 4 1 2 0 4 6 5 7 3
22 18 4 1 2 0 4 5 7 3 6
25 21 4 1 2 0 4 5 7 6 3
25 21 4 1 2 0 3 6 5 7 4
26 22 4 0 2 3 1 6 5 7 4
27 23 4 1 2 3 6 0 5 7 4
25 21 4 1 2 0 4 6 5 3 7
25 21 4 1 2 3 4 6 0 5 7
25 22 3 1 2 3 4 0 6 5 7
24 20 4 1 2 0 3 5 7 6 4
25 21 4 0 2 3 1 5 7 6 4
26 22 4 1 2 3 5 0 7 6 4
25 21 4 6 1 3 4 5 2 7 0
25 21 4 2 1 3 4 5 0 7 6
25 21 4 6 2 3 4 1 5 7 0
25 21 4 5 2 3 4 1 0 7 6
28 24 4 1 2 3 6 5 0 7 4
27 23 4 0 2 3 4 1 6 5 7
28 24 4 1 2 3 4 7 6 5 0
29 25 4 1 2 3 0 4 6 5 7
16 11 5 6 2 3 0 5 1 7 4
17 12 5 6 2 3 4 0 1 7 5
17 13 4 0 2 3 4 6 1 7 5
20 16 4 5 2 3 4 6 1 7 0
20 16 4 1 2 3 4 6 0 7 5
18 17 1 1 2 3 4 0 6 7 5
19 19 0 1 2 3 4 5 6 7 0
