9 0 9 7 6 0 3 5 4 1 2
9 1 8 7 6 1 3 5 4 0 2
9 1 8 7 0 6 3 5 4 1 2
10 2 8 7 6 1 3 5 4 2 0
10 2 8 0 7 6 3 5 4 1 2
10 3 7 5 7 6 3 0 4 1 2
11 5 6 5 7 6 3 2 4 1 0
12 6 6 5 7 6 3 2 4 0 1
12 7 5 5 7 0 3 2 4 6 1
13 8 5 5 0 7 3 2 4 6 1
13 8 5 5 7 3 0 2 4 6 1
13 9 4 5 7 3 1 2 4 6 0
14 9 5 0 5 7 3 2 4 6 1
15 12 3 1 5 7 3 2 4 6 0
18 15 3 1 5 0 3 2 4 6 7
18 16 2 1 0 5 3 2 4 6 7
19 16 3 1 5 3 0 2 4 6 7
19 17 2 1 5 3 7 2 4 6 0
20 17 3 1 4 5 3 2 0 6 7
20 17 3 0 1 5 3 2 4 6 7
21 18 3 1 5 3 7 2 4 0 6
22 19 3 1 5 3 7 0 4 6 2
23 20 3 1 5 0 7 2 4 6 3
23 21 2 1 0 5 7 2 4 6 3
22 19 3 3 1 5 0 2 4 6 7
22 20 2 3 1 5 7 2 4 6 0
23 20 3 7 1 5 3 2 4 6 0
25 22 3 1 4 5 7 2 0 6 3
25 22 3 0 1 5 7 2 4 6 3
24 21 3 3 1 5 7 2 4 0 6
25 22 3 3 1 5 7 0 4 6 2
28 25 3 3 0 5 7 1 4 6 2
28 26 2 0 3 5 7 1 4 6 2
28 27 1 1 3 5 7 0 4 6 2
29 29 0 1 3 5 7 2 4 6 0
