6 0 6 5 0 1 4 2 6 3 7
7 1 6 5 1 0 4 2 6 3 7
7 2 5 5 1 3 4 2 6 0 7
7 3 4 5 1 3 4 2 6 7 0
8 1 7 5 6 1 4 2 0 3 7
8 1 7 0 5 1 4 2 6 3 7
8 2 6 5 6 1 4 0 2 3 7
8 2 6 2 5 1 4 0 6 3 7
8 3 5 0 6 1 4 5 2 3 7
9 2 7 5 1 4 0 2 6 3 7
9 3 6 5 1 3 4 2 0 6 7
9 4 5 5 1 3 0 2 6 7 4
9 5 4 5 1 3 4 0 6 7 2
9 5 4 2 0 1 4 5 6 3 7
9 4 5 5 1 3 4 0 2 6 7
9 6 3 0 1 3 4 5 6 7 2
9 6 3 0 2 1 4 5 6 3 7
9 5 4 0 1 3 4 5 2 6 7
9 7 2 1 0 3 4 5 6 7 2
9 6 3 1 0 3 4 5 2 6 7
9 7 2 1 2 3 4 5 0 6 7
9 8 1 1 2 3 4 5 6 0 7
9 9 0 1 2 3 4 5 6 7 0
