7 0 7 5 0 1 4 2 6 3 7
7 1 6 5 1 0 4 2 6 3 7
7 2 5 5 1 3 4 2 6 0 7
7 3 4 5 1 3 4 2 6 7 0
9 4 5 5 1 3 0 2 6 7 4
10 5 5 5 1 3 4 0 6 7 2
9 6 3 0 1 3 4 5 6 7 2
11 9 2 2 1 3 4 5 6 7 0
10 7 3 1 0 3 4 5 6 7 2
13 10 3 2 1 3 0 5 6 7 4
13 10 3 2 1 3 4 5 6 0 7
14 11 3 2 1 3 4 0 6 7 5
16 12 4 2 1 0 4 5 6 7 3
12 8 4 1 6 3 4 5 0 7 2
12 8 4 1 3 0 4 5 6 7 2
15 11 4 2 1 0 3 5 6 7 4
16 12 4 0 1 3 2 5 6 7 4
16 13 3 1 0 3 2 5 6 7 4
17 13 4 2 1 3 5 0 6 7 4
15 11 4 2 1 0 4 5 6 3 7
15 11 4 2 1 3 4 5 0 6 7
18 14 4 1 6 3 2 5 0 7 4
18 14 4 1 3 0 2 5 6 7 4
18 15 3 1 3 2 0 5 6 7 4
18 16 2 1 3 2 4 5 6 7 0
20 17 3 1 3 2 4 5 6 0 7
21 18 3 1 3 2 4 0 6 7 5
22 19 3 0 3 2 4 5 6 7 1
21 17 4 0 3 2 1 5 6 7 4
22 18 4 1 3 2 5 0 6 7 4
22 18 4 1 3 0 4 5 6 2 7
22 19 3 1 0 3 4 5 6 2 7
22 18 4 1 3 2 4 5 0 6 7
24 20 4 1 6 3 4 5 0 2 7
24 21 3 1 6 3 4 5 2 0 7
24 22 2 1 6 3 4 5 2 7 0
26 23 3 1 6 3 0 5 2 7 4
27 24 3 1 6 3 4 0 2 7 5
28 25 3 0 6 3 4 5 2 7 1
24 20 4 0 1 3 4 5 6 2 7
26 22 4 1 6 0 4 5 2 3 7
29 25 4 1 6 0 4 5 2 7 3
28 24 4 1 6 0 3 5 2 7 4
29 25 4 0 6 3 1 5 2 7 4
30 26 4 1 6 3 5 0 2 7 4
11 6 5 0 1 3 4 2 6 7 5
12 7 5 5 1 3 2 0 6 7 4
13 8 5 5 0 3 4 1 6 7 2
13 8 5 4 1 3 0 5 6 7 2
18 13 5 2 1 3 7 5 6 0 4
19 14 5 2 0 3 4 1 6 7 5
18 15 3 0 2 3 4 1 6 7 5
17 16 1 1 2 3 4 0 6 7 5
18 18 0 1 2 3 4 5 6 7 0
