7 0 7 5 3 2 7 4 6 1 0
9 3 6 5 3 0 7 4 6 1 2
9 4 5 5 3 1 7 4 6 0 2
9 5 4 5 3 1 7 4 0 6 2
9 6 3 5 3 1 7 0 4 6 2
10 8 2 5 3 1 7 2 4 6 0
12 9 3 5 3 1 0 2 4 6 7
12 9 3 5 3 1 7 2 4 0 6
14 11 3 0 3 1 7 2 4 6 5
14 11 3 5 3 0 7 2 4 6 1
13 10 3 5 3 0 1 2 4 6 7
14 11 3 0 3 1 5 2 4 6 7
17 14 3 7 3 1 5 2 4 6 0
11 7 4 0 3 1 7 5 4 6 2
14 10 4 5 3 0 7 2 4 1 6
14 10 4 5 3 1 7 2 0 4 6
16 12 4 2 3 1 7 0 4 6 5
16 12 4 3 0 1 7 2 4 6 5
17 13 4 7 3 1 0 2 4 6 5
16 12 4 5 3 6 7 2 4 0 1
16 12 4 5 0 3 7 2 4 6 1
16 12 4 5 3 7 0 2 4 6 1
16 13 3 5 3 7 1 2 4 6 0
15 11 4 5 3 6 1 2 4 0 7
15 11 4 5 0 3 1 2 4 6 7
16 12 4 2 3 1 5 0 4 6 7
16 12 4 3 0 1 5 2 4 6 7
19 15 4 7 3 1 5 2 4 0 6
20 16 4 7 3 1 5 0 4 6 2
21 17 4 7 3 0 5 2 4 6 1
21 18 3 7 3 5 0 2 4 6 1
21 19 2 7 3 5 1 2 4 6 0
22 20 2 0 3 5 7 2 4 6 1
23 23 0 1 3 5 7 2 4 6 0
