10 0 10 5 3 2 7 4 6 1 0
9 1 8 5 3 2 0 4 6 1 7
11 4 7 5 3 2 4 0 6 1 7
11 5 6 0 3 2 4 5 6 1 7
13 6 7 3 0 2 4 5 6 1 7
13 7 6 3 2 0 4 5 6 1 7
13 8 5 3 2 1 4 5 6 0 7
13 9 4 3 2 1 4 5 6 7 0
16 12 4 0 2 1 4 5 6 7 3
15 10 5 3 2 1 0 5 6 7 4
16 12 4 0 2 1 3 5 6 7 4
16 11 5 3 2 1 4 0 6 7 5
18 13 5 5 2 1 4 0 6 7 3
18 13 5 2 0 1 4 5 6 7 3
18 14 4 2 1 0 4 5 6 7 3
19 14 5 4 2 1 0 5 6 7 3
18 13 5 5 2 1 3 0 6 7 4
18 13 5 2 0 1 3 5 6 7 4
18 14 4 2 1 0 3 5 6 7 4
18 15 3 2 1 3 0 5 6 7 4
18 16 2 2 1 3 4 5 6 7 0
20 17 3 2 1 3 4 5 6 0 7
21 18 3 2 1 3 4 0 6 7 5
22 19 3 0 1 3 4 5 6 7 2
23 20 3 1 0 3 4 5 6 7 2
21 17 4 0 1 3 2 5 6 7 4
21 18 3 1 0 3 2 5 6 7 4
22 18 4 2 1 3 5 0 6 7 4
22 18 4 2 1 0 4 5 6 3 7
22 18 4 2 1 3 4 5 0 6 7
25 21 4 1 6 3 4 5 0 7 2
25 21 4 1 3 0 4 5 6 7 2
23 19 4 1 6 3 2 5 0 7 4
23 19 4 1 3 0 2 5 6 7 4
23 20 3 1 3 2 0 5 6 7 4
23 21 2 1 3 2 4 5 6 7 0
25 22 3 1 3 2 4 5 6 0 7
26 23 3 1 3 2 4 0 6 7 5
27 24 3 0 3 2 4 5 6 7 1
26 22 4 0 3 2 1 5 6 7 4
27 23 4 1 3 2 5 0 6 7 4
27 23 4 1 3 0 4 5 6 2 7
27 24 3 1 0 3 4 5 6 2 7
27 23 4 1 3 2 4 5 0 6 7
29 25 4 1 6 3 4 5 0 2 7
29 26 3 1 6 3 4 5 2 0 7
29 27 2 1 6 3 4 5 2 7 0
31 28 3 1 6 3 0 5 2 7 4
32 29 3 1 6 3 4 0 2 7 5
33 30 3 0 6 3 4 5 2 7 1
29 25 4 0 1 3 4 5 6 2 7
31 27 4 1 6 0 4 5 2 3 7
34 30 4 1 6 0 4 5 2 7 3
33 29 4 1 6 0 3 5 2 7 4
34 30 4 0 6 3 1 5 2 7 4
35 31 4 1 6 3 5 0 2 7 4
20 15 5 4 2 1 3 5 6 7 0
20 15 5 2 1 7 4 5 6 0 3
20 16 4 2 1 7 4 5 6 3 0
20 15 5 2 1 4 0 5 6 7 3
20 16 4 2 1 4 3 5 6 7 0
20 15 5 2 1 7 3 5 6 0 4
23 18 5 2 1 3 7 5 6 0 4
24 19 5 0 1 3 4 2 6 7 5
26 22 4 5 1 3 4 2 6 7 0
26 21 5 2 0 3 4 1 6 7 5
25 22 3 0 2 3 4 1 6 7 5
24 23 1 1 2 3 4 0 6 7 5
25 25 0 1 2 3 4 5 6 7 0
