9 0 9 4 6 1 2 5 7 3 0
10 1 9 4 6 1 0 5 7 3 2
10 3 7 0 6 1 4 5 7 3 2
11 3 8 0 6 1 2 5 7 3 4
12 1 11 4 6 1 2 5 7 0 3
12 5 7 2 6 1 0 5 7 3 4
12 2 10 4 6 1 2 5 0 7 3
12 6 6 2 6 1 4 5 7 3 0
12 3 9 4 0 1 2 5 6 7 3
12 4 8 0 4 1 2 5 6 7 3
12 4 8 4 1 0 2 5 6 7 3
10 5 5 4 1 2 0 5 6 7 3
11 6 5 4 1 2 3 5 6 7 0
11 7 4 0 1 2 4 5 6 7 3
11 8 3 1 0 2 4 5 6 7 3
11 9 2 1 2 0 4 5 6 7 3
13 2 11 4 6 1 2 0 7 3 5
13 4 9 5 6 1 4 0 7 3 2
13 4 9 6 0 1 4 5 7 3 2
13 4 9 5 6 1 2 0 7 3 4
13 4 9 6 0 1 2 5 7 3 4
13 6 7 2 4 1 0 5 6 7 3
13 9 4 0 1 2 3 5 6 7 4
13 8 5 5 1 2 4 0 6 7 3
13 9 4 1 6 2 4 5 0 7 3
13 10 3 1 2 7 4 5 6 0 3
13 10 3 1 2 4 0 5 6 7 3
13 5 8 6 1 0 4 5 7 3 2
13 5 8 6 1 0 2 5 7 3 4
13 7 6 2 4 1 3 5 6 7 0
13 10 3 1 0 2 3 5 6 7 4
13 11 2 1 2 7 4 5 6 3 0
13 11 2 1 2 4 3 5 6 7 0
13 6 7 6 1 3 4 5 7 0 2
13 6 7 6 1 3 2 5 7 0 4
13 6 7 6 1 2 0 5 7 3 4
13 11 2 1 2 0 3 5 6 7 4
13 7 6 6 1 3 4 5 0 7 2
13 7 6 6 1 3 4 5 7 2 0
13 7 6 6 1 3 2 5 0 7 4
13 7 6 6 1 2 4 5 7 3 0
13 12 1 1 2 3 0 5 6 7 4
13 13 0 1 2 3 4 5 6 7 0
