9 0 9 4 6 1 2 5 7 3 0
11 3 8 0 6 1 2 5 7 3 4
12 5 7 2 6 1 0 5 7 3 4
12 6 6 2 6 1 4 5 7 3 0
15 8 7 2 6 1 3 5 7 0 4
15 9 6 2 6 1 3 5 0 7 4
15 10 5 2 0 1 3 5 6 7 4
15 11 4 0 2 1 3 5 6 7 4
15 11 4 2 1 0 3 5 6 7 4
15 12 3 2 1 3 0 5 6 7 4
15 13 2 2 1 3 4 5 6 7 0
17 14 3 2 1 3 4 5 6 0 7
18 15 3 2 1 3 4 0 6 7 5
19 16 3 0 1 3 4 5 6 7 2
20 17 3 1 0 3 4 5 6 7 2
18 14 4 0 1 3 2 5 6 7 4
18 15 3 1 0 3 2 5 6 7 4
19 15 4 2 1 3 5 0 6 7 4
20 16 4 2 1 0 4 5 6 7 3
19 15 4 2 1 0 4 5 6 3 7
19 15 4 2 1 3 4 5 0 6 7
22 18 4 1 6 3 4 5 0 7 2
22 18 4 1 3 0 4 5 6 7 2
20 16 4 1 6 3 2 5 0 7 4
20 16 4 1 3 0 2 5 6 7 4
20 17 3 1 3 2 0 5 6 7 4
20 18 2 1 3 2 4 5 6 7 0
22 19 3 1 3 2 4 5 6 0 7
23 20 3 1 3 2 4 0 6 7 5
24 21 3 0 3 2 4 5 6 7 1
23 19 4 0 3 2 1 5 6 7 4
24 20 4 1 3 2 5 0 6 7 4
24 20 4 1 3 0 4 5 6 2 7
24 21 3 1 0 3 4 5 6 2 7
24 20 4 1 3 2 4 5 0 6 7
26 22 4 1 6 3 4 5 0 2 7
26 23 3 1 6 3 4 5 2 0 7
26 24 2 1 6 3 4 5 2 7 0
28 25 3 1 6 3 0 5 2 7 4
29 26 3 1 6 3 4 0 2 7 5
30 27 3 0 6 3 4 5 2 7 1
26 22 4 0 1 3 4 5 6 2 7
28 24 4 1 6 0 4 5 2 3 7
31 27 4 1 6 0 4 5 2 7 3
30 26 4 1 6 0 3 5 2 7 4
31 27 4 0 6 3 1 5 2 7 4
32 28 4 1 6 3 5 0 2 7 4
17 12 5 5 2 1 3 0 6 7 4
18 13 5 3 2 1 0 5 6 7 4
18 14 4 3 2 1 4 5 6 7 0
21 17 4 0 2 1 4 5 6 7 3
19 14 5 4 2 1 3 5 6 7 0
17 12 5 2 1 7 3 5 6 0 4
20 15 5 2 1 3 7 5 6 0 4
21 16 5 0 1 3 4 2 6 7 5
23 19 4 5 1 3 4 2 6 7 0
23 18 5 2 0 3 4 1 6 7 5
22 19 3 0 2 3 4 1 6 7 5
21 20 1 1 2 3 4 0 6 7 5
22 22 0 1 2 3 4 5 6 7 0
