10 0 10 7 1 0 3 2 5 4 6
8 1 7 7 1 3 0 2 5 4 6
9 3 6 0 1 3 7 2 5 4 6
9 4 5 1 0 3 7 2 5 4 6
9 5 4 1 5 3 7 2 0 4 6
9 6 3 1 5 3 7 2 4 0 6
9 7 2 1 5 3 7 2 4 6 0
11 8 3 1 5 3 0 2 4 6 7
12 9 3 1 5 3 7 0 4 6 2
13 10 3 0 5 3 7 2 4 6 1
9 5 4 1 3 0 7 2 5 4 6
11 7 4 1 5 0 7 2 4 3 6
11 8 3 1 0 5 7 2 4 3 6
14 10 4 1 5 0 7 2 4 6 3
14 11 3 1 0 5 7 2 4 6 3
15 12 3 0 1 5 7 2 4 6 3
17 15 2 3 1 5 7 2 4 6 0
19 16 3 3 1 5 0 2 4 6 7
19 16 3 3 1 5 7 2 4 0 6
20 17 3 3 1 5 7 0 4 6 2
13 9 4 1 5 0 3 2 4 6 7
13 10 3 1 0 5 3 2 4 6 7
14 10 4 0 5 3 1 2 4 6 7
15 11 4 1 5 3 2 0 4 6 7
13 9 4 1 4 5 7 2 0 3 6
13 10 3 1 4 5 7 2 3 0 6
13 11 2 1 4 5 7 2 3 6 0
15 12 3 1 4 5 0 2 3 6 7
16 13 3 1 4 5 7 0 3 6 2
17 14 3 0 4 5 7 2 3 6 1
13 9 4 0 1 5 7 2 4 3 6
16 12 4 1 4 5 7 2 0 6 3
22 18 4 3 1 0 7 2 4 6 5
21 17 4 3 1 0 5 2 4 6 7
22 18 4 0 1 5 3 2 4 6 7
23 19 4 3 1 5 2 0 4 6 7
21 17 4 3 1 0 7 2 4 5 6
21 17 4 3 1 5 7 2 0 4 6
15 11 4 1 4 5 3 2 0 6 7
15 11 4 1 4 0 7 2 3 5 6
18 14 4 1 4 0 7 2 3 6 5
17 13 4 1 4 0 5 2 3 6 7
18 14 4 0 4 5 1 2 3 6 7
19 15 4 1 4 5 2 0 3 6 7
11 6 5 1 5 3 7 0 2 4 6
16 11 5 1 5 3 6 2 4 0 7
15 10 5 0 5 3 7 1 4 6 2
17 13 4 2 5 3 7 1 4 6 0
16 11 5 2 5 3 7 0 4 6 1
11 6 5 1 3 4 7 2 5 0 6
11 7 4 1 3 4 7 2 0 5 6
11 7 4 1 3 4 7 2 5 6 0
14 10 4 1 3 0 7 2 5 6 4
11 6 5 1 3 7 0 2 5 4 6
13 8 5 1 5 7 0 2 4 3 6
16 11 5 1 5 6 7 2 4 0 3
16 12 4 1 5 6 7 2 4 3 0
16 11 5 1 5 7 0 2 4 6 3
16 12 4 1 5 7 3 2 4 6 0
18 13 5 2 1 5 7 0 4 6 3
19 15 4 2 1 5 7 3 4 6 0
19 14 5 7 1 5 0 2 4 6 3
24 19 5 3 1 5 6 2 4 0 7
23 18 5 0 1 5 7 3 4 6 2
25 20 5 3 0 5 7 1 4 6 2
24 21 3 0 3 5 7 1 4 6 2
23 22 1 1 3 5 7 0 4 6 2
24 24 0 1 3 5 7 2 4 6 0
