8 0 8 0 4 2 6 1 3 7 5
8 1 7 1 4 2 6 0 3 7 5
9 3 6 1 4 2 6 5 3 7 0
9 4 5 1 4 2 0 5 3 7 6
10 5 5 1 4 0 2 5 3 7 6
11 6 5 1 0 4 2 5 3 7 6
11 7 4 1 3 4 2 5 0 7 6
13 8 5 1 3 4 2 0 5 7 6
13 8 5 1 3 4 2 5 7 0 6
15 10 5 1 3 4 2 6 5 7 0
14 9 5 1 3 4 2 5 7 6 0
18 13 5 1 3 0 2 6 5 7 4
18 14 4 1 0 3 2 6 5 7 4
17 12 5 1 3 0 2 5 7 6 4
17 13 4 1 0 3 2 5 7 6 4
19 14 5 1 3 2 0 6 5 7 4
19 15 4 1 3 2 4 6 5 7 0
21 17 4 1 3 2 4 0 5 7 6
21 18 3 1 3 2 4 5 0 7 6
23 19 4 1 0 2 4 5 3 7 6
23 20 3 1 2 0 4 5 3 7 6
23 19 4 1 3 2 4 5 7 0 6
25 21 4 1 2 7 4 5 3 0 6
25 22 3 1 2 7 4 5 0 3 6
25 21 4 1 2 4 0 5 3 7 6
24 20 4 1 3 2 4 5 7 6 0
26 22 4 1 2 7 4 5 3 6 0
27 23 4 1 0 7 4 5 2 3 6
27 23 4 1 2 7 4 0 5 3 6
29 25 4 1 2 0 4 5 3 6 7
29 25 4 1 2 7 4 6 5 3 0
32 28 4 1 2 0 4 6 5 3 7
32 29 3 1 2 3 4 6 5 0 7
32 30 2 1 2 3 4 6 5 7 0
34 32 2 1 2 3 4 0 5 7 6
34 33 1 1 2 3 4 5 0 7 6
36 34 2 1 0 3 4 5 2 7 6
36 34 2 1 2 3 4 5 7 0 6
37 35 2 1 2 3 4 5 7 6 0
33 30 3 1 2 3 4 6 0 5 7
33 31 2 1 2 3 4 0 6 5 7
35 33 2 1 2 3 4 7 6 5 0
36 34 2 1 2 3 4 7 6 0 5
34 31 3 1 2 3 0 6 5 7 4
36 33 3 0 2 3 4 1 5 7 6
38 35 3 0 1 3 4 5 2 7 6
38 35 3 1 3 0 4 5 2 7 6
38 35 3 1 2 0 4 5 7 3 6
39 36 3 1 2 3 0 5 7 6 4
40 37 3 1 2 3 4 0 7 6 5
35 32 3 0 2 3 4 1 6 5 7
37 34 3 1 2 3 0 7 6 5 4
38 35 3 1 2 0 4 7 6 3 5
38 35 3 1 2 3 4 7 0 6 5
39 36 3 5 2 3 4 1 0 7 6
41 38 3 2 1 3 4 5 0 7 6
37 33 4 0 2 3 4 6 5 7 1
37 33 4 1 2 0 4 6 5 7 3
39 35 4 1 2 3 0 4 5 7 6
39 35 4 1 0 3 4 2 5 7 6
42 38 4 0 2 3 4 5 7 6 1
42 38 4 1 2 0 4 5 7 6 3
35 31 4 1 0 3 4 6 2 5 7
38 34 4 1 2 3 0 4 6 5 7
38 34 4 1 0 3 4 2 6 5 7
40 36 4 0 2 3 4 7 6 5 1
40 36 4 1 2 0 4 7 6 5 3
36 32 4 1 2 0 3 6 5 7 4
37 33 4 0 2 3 1 6 5 7 4
38 34 4 1 2 3 6 0 5 7 4
38 35 3 1 2 3 6 5 0 7 4
38 34 4 2 0 3 4 1 5 7 6
39 35 4 4 2 3 0 1 5 7 6
40 36 4 6 2 3 4 1 5 7 0
40 36 4 5 1 3 4 0 2 7 6
41 37 4 4 1 3 0 5 2 7 6
42 38 4 6 1 3 4 5 2 7 0
40 36 4 1 3 7 4 5 2 0 6
40 36 4 1 3 4 0 5 2 7 6
40 36 4 1 0 2 4 5 7 3 6
40 36 4 1 2 4 0 5 7 3 6
41 37 4 1 2 0 3 5 7 6 4
42 38 4 0 2 3 1 5 7 6 4
43 39 4 1 2 3 6 5 7 0 4
42 38 4 0 2 3 4 1 7 6 5
37 33 4 2 0 3 4 1 6 5 7
38 34 4 4 2 3 0 1 6 5 7
39 35 4 7 2 3 4 1 6 5 0
39 35 4 1 2 0 3 7 6 5 4
40 36 4 0 2 3 1 7 6 5 4
41 37 4 1 2 3 7 0 6 5 4
41 37 4 1 2 3 5 7 6 0 4
40 36 4 1 0 2 4 7 6 3 5
40 36 4 1 2 4 0 7 6 3 5
40 36 4 1 0 3 4 7 2 6 5
41 37 4 5 0 3 4 1 2 7 6
41 37 4 5 2 3 4 0 1 7 6
41 38 3 0 2 3 4 5 1 7 6
41 37 4 5 2 3 4 1 7 0 6
43 39 4 2 0 3 4 5 1 7 6
43 39 4 2 1 3 4 0 5 7 6
43 39 4 2 1 3 4 5 7 0 6
40 36 4 5 2 3 4 6 0 7 1
40 37 3 5 2 3 4 0 6 7 1
40 38 2 0 2 3 4 5 6 7 1
41 41 0 1 2 3 4 5 6 7 0
