11 0 11 0 4 2 6 1 3 7 5
9 1 8 1 4 2 6 0 3 7 5
11 3 8 1 4 2 6 5 3 7 0
11 4 7 1 4 2 0 5 3 7 6
13 5 8 1 4 0 2 5 3 7 6
13 6 7 1 0 4 2 5 3 7 6
13 7 6 1 3 4 2 5 0 7 6
15 8 7 1 3 4 2 0 5 7 6
16 10 6 1 3 4 2 6 5 7 0
17 11 6 1 3 4 0 2 5 7 6
19 14 5 1 3 4 7 2 5 0 6
19 15 4 1 3 0 7 2 5 4 6
19 15 4 1 3 4 7 2 0 5 6
19 15 4 1 3 4 7 2 5 6 0
22 18 4 1 3 0 7 2 5 6 4
21 16 5 1 0 3 7 2 5 4 6
21 17 4 1 5 3 7 2 0 4 6
21 18 3 1 5 3 7 2 4 0 6
21 19 2 1 5 3 7 2 4 6 0
23 20 3 1 5 3 0 2 4 6 7
24 21 3 1 5 3 7 0 4 6 2
25 22 3 0 5 3 7 2 4 6 1
23 19 4 1 5 0 7 2 4 3 6
23 20 3 1 0 5 7 2 4 3 6
26 22 4 1 5 0 7 2 4 6 3
26 23 3 1 0 5 7 2 4 6 3
27 24 3 0 1 5 7 2 4 6 3
29 27 2 3 1 5 7 2 4 6 0
31 28 3 3 1 5 0 2 4 6 7
31 28 3 3 1 5 7 2 4 0 6
32 29 3 3 1 5 7 0 4 6 2
25 21 4 1 5 0 3 2 4 6 7
25 22 3 1 0 5 3 2 4 6 7
26 22 4 0 5 3 1 2 4 6 7
27 23 4 1 5 3 2 0 4 6 7
25 21 4 1 4 5 7 2 0 3 6
25 22 3 1 4 5 7 2 3 0 6
25 23 2 1 4 5 7 2 3 6 0
27 24 3 1 4 5 0 2 3 6 7
28 25 3 1 4 5 7 0 3 6 2
29 26 3 0 4 5 7 2 3 6 1
25 21 4 0 1 5 7 2 4 3 6
28 24 4 1 4 5 7 2 0 6 3
34 30 4 3 1 0 7 2 4 6 5
33 29 4 3 1 0 5 2 4 6 7
34 30 4 0 1 5 3 2 4 6 7
35 31 4 3 1 5 2 0 4 6 7
33 29 4 3 1 0 7 2 4 5 6
33 29 4 3 1 5 7 2 0 4 6
27 23 4 1 4 5 3 2 0 6 7
27 23 4 1 4 0 7 2 3 5 6
30 26 4 1 4 0 7 2 3 6 5
29 25 4 1 4 0 5 2 3 6 7
30 26 4 0 4 5 1 2 3 6 7
31 27 4 1 4 5 2 0 3 6 7
21 16 5 1 3 7 0 2 5 4 6
21 16 5 1 0 4 7 2 3 5 6
21 16 5 1 3 4 7 0 2 5 6
21 16 5 1 3 4 0 2 5 6 7
22 17 5 1 3 4 7 0 5 6 2
23 18 5 0 3 4 7 2 5 6 1
24 19 5 1 3 6 7 2 5 0 4
24 20 4 1 3 6 7 2 0 5 4
24 20 4 1 3 6 7 2 5 4 0
24 19 5 1 0 3 7 2 5 6 4
24 20 4 1 5 3 7 2 0 6 4
24 19 5 1 3 7 0 2 5 6 4
23 18 5 1 5 3 7 0 2 4 6
28 23 5 1 5 3 6 2 4 0 7
27 22 5 0 5 3 7 1 4 6 2
29 25 4 2 5 3 7 1 4 6 0
28 23 5 2 5 3 7 0 4 6 1
25 20 5 1 5 7 0 2 4 3 6
28 23 5 1 5 6 7 2 4 0 3
28 24 4 1 5 6 7 2 4 3 0
28 23 5 1 5 7 0 2 4 6 3
28 24 4 1 5 7 3 2 4 6 0
30 25 5 2 1 5 7 0 4 6 3
31 27 4 2 1 5 7 3 4 6 0
31 26 5 7 1 5 0 2 4 6 3
36 31 5 3 1 5 6 2 4 0 7
35 30 5 0 1 5 7 3 4 6 2
37 32 5 3 0 5 7 1 4 6 2
36 33 3 0 3 5 7 1 4 6 2
35 34 1 1 3 5 7 0 4 6 2
36 36 0 1 3 5 7 2 4 6 0
