10 0 10 2 4 7 5 6 1 3 0
11 2 9 2 4 7 5 0 1 3 6
10 3 7 0 4 7 5 2 1 3 6
11 3 8 2 4 7 5 1 0 3 6
11 4 7 2 0 7 5 1 4 3 6
11 4 7 2 4 7 5 1 3 0 6
11 5 6 2 4 7 5 1 3 6 0
12 1 11 2 4 7 0 6 1 3 5
12 1 11 2 4 7 5 6 1 0 3
12 6 6 1 4 7 5 2 0 3 6
12 2 10 2 4 0 7 6 1 3 5
12 7 5 1 0 7 5 2 4 3 6
12 7 5 1 4 7 5 2 3 0 6
12 3 9 2 4 3 7 6 1 0 5
12 8 4 1 4 7 5 2 3 6 0
12 4 8 2 4 3 7 6 1 5 0
13 3 10 0 4 7 5 6 1 3 2
13 3 10 2 4 0 5 6 1 3 7
13 4 9 4 0 7 5 2 1 3 6
13 5 8 0 2 7 5 1 4 3 6
12 6 6 1 2 7 5 0 4 3 6
13 5 8 2 7 0 5 1 4 3 6
13 5 8 2 4 0 5 1 3 7 6
12 6 6 2 4 5 0 1 3 7 6
13 6 7 2 4 7 0 1 3 6 5
13 3 10 0 4 7 2 6 1 3 5
13 6 7 2 4 3 7 0 1 5 6
12 7 5 0 4 3 7 2 1 5 6
13 4 9 2 4 3 5 6 1 0 7
13 4 9 2 4 5 0 6 1 3 7
13 5 8 4 1 7 5 2 0 3 6
13 6 7 2 7 3 5 1 4 0 6
13 6 7 2 7 5 0 1 4 3 6
13 7 6 2 4 0 7 1 3 6 5
13 7 6 2 4 3 7 1 0 5 6
13 5 8 2 4 5 7 6 1 3 0
13 6 7 4 1 7 5 2 3 0 6
13 7 6 2 7 3 5 1 4 6 0
13 8 5 2 0 3 7 1 4 5 6
13 7 6 4 1 7 5 2 3 6 0
13 9 4 2 3 0 7 1 4 5 6
13 10 3 2 3 5 7 1 4 0 6
13 11 2 2 3 5 7 1 4 6 0
14 5 9 2 4 7 0 5 1 3 6
14 5 9 2 0 7 5 4 1 3 6
14 5 9 5 4 7 0 2 1 3 6
14 7 7 2 4 7 5 0 3 6 1
13 8 5 0 4 7 5 2 3 6 1
14 8 6 2 4 0 5 1 3 6 7
14 4 10 2 4 7 6 0 1 3 5
14 2 12 2 4 0 5 6 1 7 3
13 3 10 2 4 5 0 6 1 7 3
14 2 12 2 4 7 5 6 0 1 3
13 3 10 2 4 7 5 0 6 1 3
13 4 9 0 4 7 5 2 6 1 3
14 7 7 1 4 7 5 0 2 3 6
14 3 11 2 0 4 7 6 1 3 5
12 4 8 0 2 4 7 6 1 3 5
14 8 6 1 7 0 5 2 4 3 6
14 8 6 1 4 0 5 2 3 7 6
13 9 4 1 4 5 0 2 3 7 6
14 4 10 2 4 3 7 6 0 1 5
14 9 5 1 4 7 0 2 3 6 5
14 5 9 2 4 3 0 6 1 5 7
14 10 4 1 4 3 7 2 0 5 6
14 7 7 2 4 5 7 0 1 3 6
13 8 5 0 4 5 7 2 1 3 6
14 6 8 2 1 7 5 4 0 3 6
14 6 8 5 4 0 7 2 1 3 6
14 9 5 2 4 5 0 1 3 6 7
14 5 9 0 4 7 6 2 1 3 5
14 3 11 2 0 4 5 6 1 7 3
11 4 7 0 2 4 5 6 1 7 3
13 5 8 6 2 4 5 0 1 7 3
13 6 7 5 2 4 0 6 1 7 3
13 7 6 5 2 4 3 6 1 7 0
13 7 6 5 2 0 4 6 1 7 3
14 4 10 2 4 5 3 6 1 7 0
14 3 11 2 0 7 5 6 4 1 3
14 4 10 2 1 4 7 6 0 3 5
12 5 7 2 1 4 7 0 6 3 5
13 7 6 2 1 4 7 5 6 3 0
13 8 5 2 1 4 0 5 6 3 7
13 9 4 2 1 0 4 5 6 3 7
13 10 3 2 1 3 4 5 6 0 7
13 11 2 2 1 3 4 5 6 7 0
14 5 9 6 2 4 7 0 1 3 5
14 9 5 1 7 3 5 2 4 0 6
14 9 5 1 7 5 0 2 4 3 6
14 5 9 2 0 3 7 6 4 1 5
14 5 9 2 4 3 7 0 6 1 5
14 10 4 1 4 0 7 2 3 6 5
14 11 3 1 0 3 7 2 4 5 6
14 8 6 2 4 5 7 1 0 3 6
14 7 7 2 1 7 5 0 4 3 6
14 7 7 2 1 7 5 4 3 0 6
14 7 7 5 4 3 7 2 1 0 6
14 4 10 2 1 4 5 6 0 7 3
11 5 6 2 1 4 5 0 6 7 3
13 8 5 2 1 4 0 5 6 7 3
13 9 4 2 1 4 3 5 6 7 0
13 9 4 2 1 0 4 5 6 7 3
14 5 9 2 4 5 3 6 1 0 7
14 5 9 2 1 4 7 6 3 0 5
14 6 8 0 1 4 7 2 6 3 5
14 10 4 1 7 3 5 2 4 6 0
14 6 8 2 3 0 7 6 4 1 5
14 6 8 0 4 3 7 2 6 1 5
14 12 2 1 3 0 7 2 4 5 6
14 9 5 2 0 5 7 1 4 3 6
14 9 5 2 4 5 7 1 3 0 6
14 8 6 0 1 7 5 2 4 3 6
14 8 6 2 1 7 5 4 3 6 0
14 8 6 5 4 3 7 2 1 6 0
14 6 8 0 1 4 5 2 6 7 3
14 6 8 2 1 0 7 6 3 4 5
14 6 8 2 1 4 7 6 3 5 0
14 7 7 1 0 4 7 2 6 3 5
14 7 7 2 3 1 7 6 4 0 5
14 13 1 1 3 5 7 2 4 0 6
14 10 4 2 4 5 7 1 3 6 0
14 8 6 1 4 0 7 2 6 3 5
14 8 6 2 3 1 7 6 4 5 0
14 14 0 1 3 5 7 2 4 6 0
