10 0 10 2 4 7 5 6 1 3 0
11 2 9 2 4 7 5 0 1 3 6
10 3 7 0 4 7 5 2 1 3 6
12 6 6 1 4 7 5 2 0 3 6
12 7 5 1 0 7 5 2 4 3 6
12 7 5 1 4 7 5 2 3 0 6
12 8 4 1 4 7 5 2 3 6 0
15 11 4 1 4 0 5 2 3 6 7
15 12 3 1 4 5 0 2 3 6 7
15 13 2 1 4 5 7 2 3 6 0
17 14 3 1 4 5 7 2 3 0 6
18 15 3 1 4 5 7 0 3 6 2
19 16 3 0 4 5 7 2 3 6 1
18 14 4 0 4 5 1 2 3 6 7
19 15 4 1 4 5 2 0 3 6 7
20 16 4 1 4 0 7 2 3 6 5
19 15 4 1 4 0 7 2 3 5 6
19 15 4 1 4 5 7 2 0 3 6
19 16 3 1 0 5 7 2 4 3 6
21 17 4 0 1 5 7 2 4 3 6
21 17 4 1 5 0 7 2 4 3 6
21 18 3 1 5 3 7 2 4 0 6
21 19 2 1 5 3 7 2 4 6 0
23 20 3 1 5 3 0 2 4 6 7
24 21 3 1 5 3 7 0 4 6 2
25 22 3 0 5 3 7 2 4 6 1
23 19 4 1 5 3 7 2 0 4 6
26 22 4 1 5 0 7 2 4 6 3
26 23 3 1 0 5 7 2 4 6 3
27 24 3 0 1 5 7 2 4 6 3
29 27 2 3 1 5 7 2 4 6 0
31 28 3 3 1 5 0 2 4 6 7
31 28 3 3 1 5 7 2 4 0 6
32 29 3 3 1 5 7 0 4 6 2
25 21 4 1 5 0 3 2 4 6 7
25 22 3 1 0 5 3 2 4 6 7
26 22 4 0 5 3 1 2 4 6 7
27 23 4 1 5 3 2 0 4 6 7
28 24 4 1 4 5 7 2 0 6 3
34 30 4 3 1 0 7 2 4 6 5
33 29 4 3 1 0 5 2 4 6 7
34 30 4 0 1 5 3 2 4 6 7
35 31 4 3 1 5 2 0 4 6 7
33 29 4 3 1 0 7 2 4 5 6
33 29 4 3 1 5 7 2 0 4 6
27 23 4 1 4 5 3 2 0 6 7
14 9 5 1 4 7 0 2 3 6 5
15 10 5 1 4 7 5 0 3 6 2
16 11 5 0 4 7 5 2 3 6 1
17 12 5 1 4 6 5 2 3 0 7
17 12 5 1 0 4 5 2 3 6 7
17 13 4 1 3 4 5 2 0 6 7
20 15 5 1 4 5 6 2 3 0 7
21 16 5 0 4 5 7 1 3 6 2
23 19 4 2 4 5 7 1 3 6 0
23 18 5 1 0 5 7 4 3 6 2
23 19 4 1 3 5 7 4 0 6 2
21 20 1 1 3 5 7 0 4 6 2
22 22 0 1 3 5 7 2 4 6 0
