9 0 9 2 4 7 5 6 1 3 0
9 1 8 2 4 7 0 6 1 3 5
11 3 8 0 4 7 2 6 1 3 5
12 6 6 1 4 7 2 6 0 3 5
12 7 5 1 4 7 2 0 6 3 5
13 9 4 1 4 7 2 5 6 3 0
16 12 4 1 4 0 2 5 6 3 7
16 13 3 1 4 3 2 5 6 0 7
16 14 2 1 4 3 2 5 6 7 0
18 15 3 1 4 3 0 5 6 7 2
19 16 3 1 4 3 2 0 6 7 5
17 13 4 1 0 4 2 5 6 3 7
17 13 4 1 4 2 0 5 6 3 7
18 14 4 1 4 3 2 5 0 6 7
21 17 4 0 4 3 2 5 6 7 1
21 17 4 1 4 0 2 5 6 7 3
20 16 4 1 4 0 3 5 6 7 2
21 17 4 0 4 3 1 5 6 7 2
23 20 3 2 4 3 1 5 6 7 0
21 17 4 0 4 3 2 1 6 7 5
21 17 4 1 4 3 2 6 0 7 5
23 19 4 1 4 3 0 2 6 7 5
23 19 4 1 0 3 2 4 6 7 5
20 16 4 1 4 2 3 5 6 0 7
20 17 3 1 4 2 3 5 6 7 0
22 18 4 4 0 3 2 5 6 7 1
23 19 4 2 4 3 0 5 6 7 1
22 18 4 1 0 4 2 5 6 7 3
22 18 4 1 4 2 0 5 6 7 3
21 17 4 1 0 4 3 5 6 7 2
22 18 4 4 0 3 1 5 6 7 2
25 21 4 2 4 3 1 5 6 0 7
26 22 4 2 4 3 1 0 6 7 5
22 18 4 4 0 3 2 1 6 7 5
23 19 4 2 4 3 0 1 6 7 5
24 20 4 5 4 3 2 1 6 7 0
23 19 4 1 4 2 3 0 6 7 5
15 10 5 1 4 7 0 5 6 3 2
15 10 5 1 4 7 2 5 6 0 3
23 18 5 1 4 3 5 0 6 7 2
23 18 5 1 4 3 7 5 6 0 2
19 14 5 1 6 4 2 5 0 3 7
19 14 5 0 1 4 2 5 6 3 7
19 14 5 1 4 2 7 5 6 3 0
20 15 5 0 4 2 1 5 6 3 7
20 15 5 1 0 3 2 5 4 6 7
20 15 5 1 4 3 2 0 5 6 7
23 18 5 5 4 3 2 0 6 7 1
22 17 5 1 4 7 3 5 6 0 2
23 18 5 5 4 3 1 0 6 7 2
28 23 5 2 4 0 1 5 6 7 3
23 18 5 1 0 3 2 6 4 7 5
23 18 5 1 4 3 2 6 7 0 5
25 20 5 1 4 3 5 2 6 7 0
25 20 5 1 4 0 3 2 6 7 5
26 21 5 0 4 3 1 2 6 7 5
27 22 5 1 4 3 7 2 6 0 5
27 23 4 1 4 3 7 2 0 6 5
27 24 3 1 0 3 7 2 4 6 5
27 25 2 1 3 0 7 2 4 6 5
29 26 3 1 3 6 7 2 4 0 5
29 27 2 1 3 6 7 2 4 5 0
32 30 2 1 3 0 7 2 4 5 6
32 31 1 1 3 5 7 2 4 0 6
32 32 0 1 3 5 7 2 4 6 0
