10 0 10 2 7 1 0 3 5 6 4
11 1 10 2 7 1 4 3 5 6 0
12 3 9 2 7 1 3 0 5 6 4
12 3 9 2 7 1 4 0 5 6 3
12 4 8 2 7 1 3 5 0 6 4
12 4 8 2 7 1 4 5 0 6 3
12 5 7 2 0 1 3 5 7 6 4
12 5 7 2 7 1 3 5 6 0 4
12 5 7 2 0 1 4 5 7 6 3
12 5 7 2 7 1 4 5 6 0 3
12 6 6 0 2 1 3 5 7 6 4
12 6 6 2 1 0 3 5 7 6 4
12 6 6 0 2 1 4 5 7 6 3
12 6 6 2 1 0 4 5 7 6 3
12 6 6 2 7 1 4 5 6 3 0
12 7 5 2 1 3 0 5 7 6 4
12 8 4 2 1 3 4 5 7 6 0
13 1 12 2 7 0 1 3 5 6 4
13 2 11 2 7 1 4 3 5 0 6
13 2 11 2 0 7 1 3 5 6 4
11 3 8 0 2 7 1 3 5 6 4
11 5 6 1 2 7 0 3 5 6 4
12 4 8 3 2 7 1 0 5 6 4
12 6 6 1 2 7 4 3 5 6 0
13 3 10 2 5 7 1 3 0 6 4
12 4 8 2 5 7 1 0 3 6 4
11 5 6 0 5 7 1 2 3 6 4
12 7 5 1 5 7 0 2 3 6 4
12 8 4 1 5 0 7 2 3 6 4
12 9 3 1 0 5 7 2 3 6 4
12 10 2 1 3 5 7 2 0 6 4
13 8 5 1 2 7 3 0 5 6 4
13 5 8 3 2 7 1 5 0 6 4
13 8 5 1 2 7 4 0 5 6 3
13 9 4 1 2 7 3 5 0 6 4
13 6 7 3 2 7 1 5 6 0 4
13 9 4 1 2 7 4 5 0 6 3
13 10 3 1 2 7 3 5 6 0 4
13 7 6 3 2 0 1 5 6 7 4
13 10 3 1 2 7 4 5 6 0 3
13 11 2 1 2 0 3 5 6 7 4
13 8 5 3 2 1 0 5 6 7 4
13 11 2 1 2 0 4 5 6 7 3
13 11 2 1 2 7 4 5 6 3 0
13 12 1 1 2 3 0 5 6 7 4
13 9 4 3 2 1 4 5 6 7 0
13 13 0 1 2 3 4 5 6 7 0
