10 0 10 2 7 1 0 3 5 6 4
12 3 9 2 7 1 3 0 5 6 4
12 4 8 2 7 1 3 5 0 6 4
12 5 7 2 0 1 3 5 7 6 4
12 6 6 0 2 1 3 5 7 6 4
12 6 6 2 1 0 3 5 7 6 4
12 7 5 2 1 3 0 5 7 6 4
12 8 4 2 1 3 4 5 7 6 0
14 9 5 2 1 3 4 5 7 0 6
14 10 4 2 1 3 4 5 0 7 6
15 10 5 2 1 3 4 0 7 6 5
16 11 5 0 1 3 4 5 7 6 2
16 11 5 2 0 3 4 5 1 7 6
15 12 3 0 2 3 4 5 1 7 6
17 15 2 1 2 3 4 5 0 7 6
19 16 3 1 0 3 4 5 2 7 6
19 16 3 1 2 3 4 0 5 7 6
20 18 2 1 2 3 4 6 5 7 0
19 16 3 1 2 3 4 5 7 0 6
19 17 2 1 2 3 4 5 7 6 0
22 19 3 1 2 3 0 6 5 7 4
22 19 3 1 2 3 4 6 5 0 7
24 21 3 0 2 3 4 6 5 7 1
21 18 3 1 2 3 0 5 7 6 4
22 19 3 1 2 3 4 0 7 6 5
23 20 3 0 2 3 4 5 7 6 1
19 15 4 6 2 3 4 5 1 7 0
21 17 4 0 1 3 4 5 2 7 6
21 17 4 1 3 0 4 5 2 7 6
21 17 4 0 2 3 4 1 5 7 6
23 19 4 1 2 3 0 4 5 7 6
25 21 4 1 2 0 4 6 5 7 3
21 17 4 1 2 0 4 5 7 3 6
24 20 4 1 2 0 4 5 7 6 3
24 20 4 1 2 0 3 6 5 7 4
25 21 4 0 2 3 1 6 5 7 4
26 22 4 1 2 3 6 0 5 7 4
24 20 4 1 2 0 4 6 5 3 7
24 20 4 1 2 3 4 6 0 5 7
24 21 3 1 2 3 4 0 6 5 7
23 19 4 1 2 0 3 5 7 6 4
24 20 4 0 2 3 1 5 7 6 4
25 21 4 1 2 3 5 0 7 6 4
24 20 4 6 1 3 4 5 2 7 0
24 20 4 6 2 3 4 1 5 7 0
24 20 4 5 2 3 4 1 0 7 6
27 23 4 1 2 3 6 5 0 7 4
26 22 4 0 2 3 4 1 6 5 7
27 23 4 1 2 3 4 7 6 5 0
28 24 4 1 2 3 0 4 6 5 7
16 11 5 2 1 3 4 0 5 7 6
17 13 4 2 1 3 4 6 5 7 0
17 12 5 1 0 3 4 5 7 6 2
18 13 5 5 2 3 4 0 1 7 6
19 15 4 5 2 3 4 6 1 7 0
22 18 4 0 2 3 4 6 1 7 5
25 21 4 1 2 3 4 6 0 7 5
23 22 1 1 2 3 4 0 6 7 5
24 24 0 1 2 3 4 5 6 7 0
