8 0 8 2 7 1 0 3 5 6 4
10 3 7 2 7 1 3 0 5 6 4
10 4 6 0 7 1 3 2 5 6 4
12 7 5 5 7 1 3 2 0 6 4
11 5 6 7 0 1 3 2 5 6 4
11 6 5 7 5 1 3 2 0 6 4
12 6 6 3 7 1 0 2 5 6 4
14 8 6 5 0 1 3 2 7 6 4
14 8 6 5 7 1 3 0 2 6 4
14 8 6 5 7 1 3 2 6 0 4
12 6 6 7 1 0 3 2 5 6 4
13 7 6 7 5 1 3 0 2 6 4
13 7 6 7 5 1 3 2 6 0 4
13 7 6 3 7 0 1 2 5 6 4
15 9 6 0 5 1 3 2 7 6 4
15 9 6 5 1 0 3 2 7 6 4
16 10 6 5 7 1 3 4 2 6 0
15 9 6 5 7 1 3 2 6 4 0
13 7 6 7 1 3 0 2 5 6 4
14 9 5 0 1 3 7 2 5 6 4
14 10 4 1 0 3 7 2 5 6 4
14 11 3 1 5 3 7 2 0 6 4
14 11 3 1 3 0 7 2 5 6 4
16 12 4 5 1 3 7 2 0 6 4
16 12 4 1 5 3 7 0 2 6 4
16 12 4 1 5 3 7 2 6 0 4
16 12 4 1 3 6 7 2 5 0 4
16 13 3 1 3 6 7 2 0 5 4
16 12 4 1 3 7 0 2 5 6 4
18 14 4 1 5 3 7 4 2 6 0
17 13 4 1 5 3 7 2 6 4 0
17 13 4 1 3 6 7 2 5 4 0
18 14 4 1 0 6 7 2 3 5 4
18 14 4 1 3 6 7 0 2 5 4
20 16 4 1 3 0 7 2 5 4 6
20 16 4 1 3 6 7 4 2 5 0
23 19 4 1 3 0 7 4 2 5 6
23 20 3 1 3 5 7 4 2 0 6
23 21 2 1 3 5 7 4 2 6 0
25 23 2 1 3 5 7 0 2 6 4
25 24 1 1 3 5 7 2 0 6 4
27 25 2 1 0 5 7 2 3 6 4
27 25 2 1 3 5 7 2 6 0 4
28 26 2 1 3 5 7 2 6 4 0
24 21 3 1 3 5 7 4 0 2 6
24 22 2 1 3 5 7 0 4 2 6
26 24 2 1 3 5 7 6 4 2 0
27 25 2 1 3 5 7 6 4 0 2
25 22 3 1 3 5 0 4 2 6 7
27 24 3 0 3 5 7 1 2 6 4
29 26 3 0 1 5 7 2 3 6 4
29 26 3 1 5 0 7 2 3 6 4
29 26 3 1 3 0 7 2 6 5 4
30 27 3 1 3 5 0 2 6 4 7
31 28 3 1 3 5 7 0 6 4 2
26 23 3 0 3 5 7 1 4 2 6
28 25 3 1 3 5 0 6 4 2 7
29 26 3 1 3 0 7 6 4 5 2
29 26 3 1 3 5 7 6 0 4 2
30 27 3 2 3 5 7 1 0 6 4
32 29 3 3 1 5 7 2 0 6 4
28 24 4 0 3 5 7 4 2 6 1
28 24 4 1 3 0 7 4 2 6 5
30 26 4 1 3 5 0 7 2 6 4
30 26 4 1 0 5 7 3 2 6 4
33 29 4 0 3 5 7 2 6 4 1
33 29 4 1 3 0 7 2 6 4 5
26 22 4 1 0 5 7 4 3 2 6
29 25 4 1 3 5 0 7 4 2 6
29 25 4 1 0 5 7 3 4 2 6
31 27 4 0 3 5 7 6 4 2 1
31 27 4 1 3 0 7 6 4 2 5
27 23 4 1 3 0 5 4 2 6 7
28 24 4 0 3 5 1 4 2 6 7
29 25 4 1 3 5 4 0 2 6 7
29 26 3 1 3 5 4 2 0 6 7
29 25 4 3 0 5 7 1 2 6 4
30 26 4 7 3 5 0 1 2 6 4
31 27 4 4 3 5 7 1 2 6 0
31 27 4 2 1 5 7 0 3 6 4
32 28 4 7 1 5 0 2 3 6 4
33 29 4 4 1 5 7 2 3 6 0
31 27 4 1 5 6 7 2 3 0 4
31 27 4 1 5 7 0 2 3 6 4
31 27 4 1 0 3 7 2 6 5 4
31 27 4 1 3 7 0 2 6 5 4
32 28 4 1 3 0 5 2 6 4 7
33 29 4 0 3 5 1 2 6 4 7
34 30 4 1 3 5 4 2 6 0 7
33 29 4 0 3 5 7 1 6 4 2
28 24 4 3 0 5 7 1 4 2 6
29 25 4 7 3 5 0 1 4 2 6
30 26 4 6 3 5 7 1 4 2 0
30 26 4 1 3 0 5 6 4 2 7
31 27 4 0 3 5 1 6 4 2 7
32 28 4 1 3 5 6 0 4 2 7
32 28 4 1 3 5 2 6 4 0 7
31 27 4 1 0 3 7 6 4 5 2
31 27 4 1 3 7 0 6 4 5 2
31 27 4 1 0 5 7 6 3 4 2
32 28 4 2 0 5 7 1 3 6 4
32 28 4 2 3 5 7 0 1 6 4
32 29 3 0 3 5 7 2 1 6 4
32 28 4 2 3 5 7 1 6 0 4
34 30 4 3 0 5 7 2 1 6 4
34 30 4 3 1 5 7 0 2 6 4
34 30 4 3 1 5 7 2 6 0 4
31 27 4 2 3 5 7 4 0 6 1
31 28 3 2 3 5 7 0 4 6 1
31 29 2 0 3 5 7 2 4 6 1
32 32 0 1 3 5 7 2 4 6 0
