12 0 12 4 7 5 1 3 0 6 2
9 1 8 4 7 5 1 0 3 6 2
9 2 7 0 7 5 1 4 3 6 2
11 3 8 4 7 5 1 2 3 6 0
11 4 7 1 7 5 0 4 3 6 2
12 6 6 0 7 5 1 2 3 6 4
13 4 9 4 7 5 0 1 3 6 2
13 5 8 2 7 5 1 4 3 6 0
13 4 9 4 7 5 0 2 3 6 1
13 4 9 4 7 5 1 2 3 0 6
13 5 8 1 7 5 2 4 3 6 0
13 5 8 1 7 0 5 4 3 6 2
13 7 6 1 7 5 4 0 3 6 2
13 8 5 1 7 5 0 2 3 6 4
13 6 7 0 7 5 4 2 3 6 1
13 7 6 1 7 5 2 0 3 6 4
13 6 7 1 0 7 5 4 3 6 2
13 7 6 1 3 7 5 4 0 6 2
11 8 3 1 3 7 5 0 4 6 2
12 10 2 1 3 7 5 2 4 6 0
14 1 13 4 0 5 1 3 7 6 2
11 2 9 0 4 5 1 3 7 6 2
11 3 8 3 4 5 1 0 7 6 2
13 4 9 1 4 5 0 3 7 6 2
13 5 8 3 4 5 1 2 7 6 0
14 1 13 4 7 5 1 3 6 0 2
14 3 11 7 0 5 1 4 3 6 2
14 7 7 0 1 7 5 4 3 6 2
14 9 5 0 3 7 5 1 4 6 2
14 11 3 1 3 7 0 2 4 6 5
14 11 3 1 3 7 5 2 4 0 6
14 7 7 1 4 5 3 0 7 6 2
14 2 12 4 7 5 1 3 6 2 0
14 4 10 7 3 5 1 4 0 6 2
11 5 6 7 3 5 1 0 4 6 2
12 7 5 7 3 5 1 2 4 6 0
12 10 2 0 3 5 1 2 4 6 7
13 6 7 0 3 5 1 7 4 6 2
12 8 4 1 3 5 0 7 4 6 2
12 11 1 1 3 5 7 0 4 6 2
13 8 5 7 3 5 0 1 4 6 2
13 8 5 7 3 5 0 2 4 6 1
11 10 1 0 3 5 7 2 4 6 1
13 12 1 1 3 5 0 2 4 6 7
13 13 0 1 3 5 7 2 4 6 0
