7 0 7 4 7 5 1 3 0 6 2
7 1 6 4 7 5 1 0 3 6 2
7 2 5 0 7 5 1 4 3 6 2
8 4 4 1 7 5 0 4 3 6 2
8 3 5 4 7 5 1 2 3 6 0
10 6 4 0 7 5 1 2 3 6 4
11 8 3 1 7 5 0 2 3 6 4
11 7 4 7 0 5 1 2 3 6 4
11 8 3 7 3 5 1 2 0 6 4
13 9 4 3 7 5 1 2 0 6 4
13 9 4 1 7 5 4 2 3 6 0
13 9 4 1 7 0 5 2 3 6 4
13 9 4 7 3 5 1 0 2 6 4
13 9 4 7 3 5 1 2 6 0 4
14 10 4 1 0 7 5 2 3 6 4
14 11 3 1 3 7 5 2 0 6 4
15 11 4 7 3 5 1 4 2 6 0
16 12 4 7 3 5 0 1 2 6 4
17 14 3 0 3 5 7 1 2 6 4
17 15 2 1 3 5 7 0 2 6 4
17 16 1 1 3 5 7 2 0 6 4
19 17 2 1 3 5 7 4 2 6 0
19 17 2 1 0 5 7 2 3 6 4
19 17 2 1 3 5 7 2 6 0 4
20 18 2 1 3 5 7 2 6 4 0
20 17 3 2 3 5 7 1 0 6 4
21 18 3 1 3 5 0 4 2 6 7
21 18 3 1 3 5 7 4 2 0 6
21 18 3 0 1 5 7 2 3 6 4
21 18 3 1 5 0 7 2 3 6 4
21 18 3 1 3 0 7 2 6 5 4
22 19 3 1 3 5 0 2 6 4 7
23 20 3 1 3 5 7 0 6 4 2
22 19 3 1 3 5 7 4 0 2 6
22 20 2 1 3 5 7 0 4 2 6
24 22 2 1 3 5 7 6 4 2 0
25 23 2 1 3 5 7 6 4 0 2
24 21 3 3 1 5 7 2 0 6 4
24 21 3 1 3 5 7 6 0 4 2
24 21 3 0 3 5 7 1 4 2 6
26 23 3 1 3 5 0 6 4 2 7
27 24 3 1 3 0 7 6 4 5 2
14 10 4 7 3 5 1 2 6 4 0
16 12 4 1 3 7 5 0 2 6 4
16 12 4 1 3 7 5 2 6 0 4
18 14 4 0 3 5 1 4 2 6 7
19 15 4 3 0 5 7 1 2 6 4
21 17 4 4 3 5 7 1 2 6 0
22 18 4 1 3 5 0 7 2 6 4
22 18 4 1 0 5 7 3 2 6 4
24 20 4 0 3 5 7 4 2 6 1
24 20 4 1 3 0 7 4 2 6 5
25 21 4 0 3 5 7 2 6 4 1
25 21 4 1 3 0 7 2 6 4 5
22 18 4 2 0 5 7 1 3 6 4
22 18 4 2 3 5 7 0 1 6 4
22 19 3 0 3 5 7 2 1 6 4
22 18 4 2 3 5 7 1 6 0 4
23 19 4 1 3 0 5 4 2 6 7
25 21 4 1 3 5 4 0 2 6 7
25 22 3 1 3 5 4 2 0 6 7
23 19 4 1 3 0 7 4 2 5 6
23 19 4 2 1 5 7 0 3 6 4
24 20 4 7 1 5 0 2 3 6 4
25 21 4 4 1 5 7 2 3 6 0
23 19 4 1 5 6 7 2 3 0 4
23 19 4 1 5 7 0 2 3 6 4
23 19 4 1 0 3 7 2 6 5 4
23 19 4 1 3 7 0 2 6 5 4
24 20 4 1 3 0 5 2 6 4 7
25 21 4 0 3 5 1 2 6 4 7
26 22 4 1 3 5 4 2 6 0 7
25 21 4 0 3 5 7 1 6 4 2
24 20 4 1 0 5 7 4 3 2 6
27 23 4 1 3 5 0 7 4 2 6
27 23 4 1 0 5 7 3 4 2 6
29 25 4 0 3 5 7 6 4 2 1
29 25 4 1 3 0 7 6 4 2 5
26 22 4 3 0 5 7 2 1 6 4
26 22 4 3 1 5 7 0 2 6 4
26 22 4 3 1 5 7 2 6 0 4
26 22 4 1 0 5 7 6 3 4 2
26 22 4 3 0 5 7 1 4 2 6
27 23 4 7 3 5 0 1 4 2 6
28 24 4 6 3 5 7 1 4 2 0
28 24 4 1 3 0 5 6 4 2 7
29 25 4 0 3 5 1 6 4 2 7
30 26 4 1 3 5 6 0 4 2 7
30 26 4 1 3 5 2 6 4 0 7
29 25 4 1 0 3 7 6 4 5 2
29 25 4 1 3 7 0 6 4 5 2
18 14 4 1 3 7 5 4 2 6 0
17 13 4 1 3 7 5 2 6 4 0
21 17 4 2 3 5 1 4 0 6 7
21 18 3 2 3 5 1 0 4 6 7
21 19 2 0 3 5 1 2 4 6 7
22 21 1 1 3 5 0 2 4 6 7
22 22 0 1 3 5 7 2 4 6 0
