12 0 12 4 7 5 1 3 0 6 2
9 1 8 4 7 5 1 0 3 6 2
9 2 7 0 7 5 1 4 3 6 2
11 4 7 1 7 5 0 4 3 6 2
13 7 6 1 7 5 4 0 3 6 2
15 9 6 1 7 5 4 2 3 6 0
15 10 5 1 7 5 0 2 3 6 4
17 11 6 1 7 0 5 2 3 6 4
17 12 5 1 0 7 5 2 3 6 4
17 13 4 1 3 7 5 2 0 6 4
19 14 5 1 3 7 5 0 2 6 4
20 16 4 1 3 7 5 4 2 6 0
23 19 4 1 3 0 5 4 2 6 7
23 20 3 1 3 5 0 4 2 6 7
23 21 2 1 3 5 7 4 2 6 0
25 22 3 1 3 5 7 4 2 0 6
26 23 3 1 3 5 7 0 2 6 4
26 24 2 1 3 5 7 2 0 6 4
27 24 3 0 3 5 7 4 2 6 1
28 25 3 1 0 5 7 2 3 6 4
28 25 3 1 3 5 7 2 6 0 4
28 26 2 1 3 5 7 2 6 4 0
30 27 3 1 3 5 0 2 6 4 7
31 28 3 1 3 5 7 0 6 4 2
32 29 3 0 3 5 7 2 6 4 1
26 22 4 0 3 5 1 4 2 6 7
27 23 4 1 3 5 4 0 2 6 7
28 24 4 1 3 0 7 4 2 6 5
27 23 4 1 3 0 7 4 2 5 6
27 23 4 1 3 5 7 4 0 2 6
27 24 3 1 3 5 7 0 4 2 6
28 24 4 0 3 5 7 1 2 6 4
30 26 4 1 3 5 0 7 2 6 4
30 26 4 0 1 5 7 2 3 6 4
30 26 4 1 5 0 7 2 3 6 4
30 26 4 1 3 0 7 2 6 5 4
33 29 4 1 3 0 7 2 6 4 5
32 28 4 1 3 0 5 2 6 4 7
33 29 4 0 3 5 1 2 6 4 7
34 30 4 1 3 5 2 0 6 4 7
28 24 4 1 3 5 4 2 0 6 7
29 25 4 0 3 5 7 1 4 2 6
30 26 4 1 3 5 7 6 4 2 0
31 27 4 1 3 5 0 7 4 2 6
31 27 4 4 3 5 7 1 2 6 0
31 27 4 2 3 5 7 1 0 6 4
33 29 4 4 1 5 7 2 3 6 0
33 29 4 3 1 5 7 2 0 6 4
19 14 5 1 3 7 5 2 6 0 4
19 15 4 1 3 7 5 2 6 4 0
22 17 5 1 3 7 0 5 2 6 4
22 18 4 1 3 7 4 5 2 6 0
25 21 4 1 3 0 4 5 2 6 7
25 22 3 1 0 3 4 5 2 6 7
25 23 2 1 2 3 4 5 0 6 7
25 24 1 1 2 3 4 5 6 0 7
25 25 0 1 2 3 4 5 6 7 0
